232 2784 6263 1500
1 1
1 2
1 3
1 4
1 5
1 6
1 7
1 8
1 9
1 10
1 11
1 12
1 13
1 14
1 15
1 16
1 17
1 18
1 19
1 20
1 21
1 22
1 23
1 24
1 25
1 26
1 27
1 28
1 29
1 30
1 31
1 32
1 33
1 34
1 35
1 36
1 37
1 38
1 39
1 40
1 41
1 42
1 43
1 44
1 45
1 46
1 47
1 48
1 49
1 50
1 51
1 52
1 53
1 54
1 55
1 56
1 57
1 58
1 59
1 60
1 61
1 62
1 63
1 64
1 65
1 66
1 67
1 68
1 69
1 70
1 71
1 72
1 73
1 74
1 75
1 76
1 77
1 78
2 80
3 80
3 1196
3 2168
3 2553
3 2554
3 2555
3 2556
3 2557
3 2560
3 2561
3 2562
3 2563
3 2564
3 2565
3 2566
3 2567
3 2568
3 2569
4 81
4 82
5 83
5 84
6 83
6 184
6 680
6 683
6 1742
6 2507
6 2529
6 2534
6 2535
6 2536
6 2537
6 2601
6 2610
6 2634
6 2635
6 2651
6 2654
7 85
8 86
9 86
10 86
10 89
11 86
11 93
11 94
11 95
12 86
12 93
13 86
14 86
14 88
14 93
14 125
14 128
14 132
14 133
14 134
14 135
14 136
14 137
14 138
14 139
14 140
14 141
14 142
14 143
14 144
14 145
14 146
14 147
14 148
14 149
14 150
14 151
14 152
14 153
14 154
14 155
14 156
14 157
14 158
14 159
14 160
14 161
14 162
14 163
14 164
14 165
14 166
14 167
14 168
14 169
14 170
14 171
14 172
14 173
14 174
14 175
14 176
14 177
14 178
14 179
14 180
14 181
14 182
14 183
14 184
14 185
14 186
14 187
14 188
14 189
14 190
14 191
14 192
14 193
14 194
14 195
14 196
14 197
14 198
14 199
14 200
14 201
14 202
14 203
14 204
14 205
14 206
14 207
14 208
14 209
14 210
14 211
14 212
14 213
14 214
14 215
14 216
14 217
14 218
14 219
14 220
14 221
14 222
14 223
14 224
14 225
14 226
14 227
14 228
14 229
14 230
14 231
14 232
14 233
14 234
14 235
14 236
14 243
14 244
14 245
14 246
14 247
14 248
14 249
14 250
14 251
14 252
14 253
14 254
14 255
14 256
14 257
14 258
14 259
14 260
14 261
14 262
14 263
14 264
14 268
14 269
14 270
14 271
14 272
14 273
14 274
14 277
14 278
14 279
14 280
14 281
14 282
14 283
14 284
14 285
14 286
14 287
14 288
14 289
14 305
14 309
14 315
14 319
14 326
14 371
14 389
14 410
14 411
14 413
14 414
14 415
14 499
14 532
14 547
14 548
14 549
14 550
14 551
14 552
14 553
15 86
15 94
15 122
15 123
15 124
15 125
15 127
16 86
16 112
16 128
16 187
16 238
16 239
16 267
16 268
16 270
16 274
16 275
16 327
17 86
18 86
19 86
19 97
19 129
19 130
19 136
19 138
19 143
19 154
19 155
19 175
19 178
19 179
19 180
19 184
19 188
19 198
19 199
19 200
19 201
19 202
19 203
19 204
19 205
19 206
19 207
19 208
19 209
19 210
19 211
19 212
19 213
19 239
19 266
19 273
19 275
19 276
19 277
19 282
19 283
19 284
19 289
19 295
19 303
19 304
19 361
19 384
19 385
19 386
19 388
19 395
19 401
19 403
19 414
19 438
19 444
19 455
19 458
19 466
19 467
19 468
19 469
19 470
19 471
19 472
19 473
19 474
19 475
19 476
19 477
19 478
19 479
19 480
19 481
19 483
19 496
19 497
19 498
19 511
19 513
19 514
19 515
19 516
19 517
19 518
19 521
19 522
19 523
19 524
19 525
19 526
19 527
19 528
19 529
19 530
19 531
19 536
19 537
19 538
19 539
19 540
19 541
19 542
19 543
19 544
19 545
19 546
19 547
19 548
19 553
19 555
19 556
19 557
19 558
19 560
19 561
19 562
19 563
19 564
19 565
19 567
19 575
19 576
19 577
19 578
19 579
19 580
19 581
19 582
19 583
19 584
19 585
19 586
19 587
19 588
19 589
19 590
19 591
19 592
19 593
19 594
19 595
19 596
19 597
19 598
19 599
19 600
19 601
19 602
19 603
19 604
19 605
19 606
19 607
19 608
19 609
19 610
19 611
19 612
19 613
19 614
19 615
19 616
19 617
19 618
19 619
19 620
19 621
19 622
19 623
19 624
19 625
19 626
19 627
19 628
19 629
19 630
19 631
19 632
19 633
19 634
19 635
19 636
19 637
19 638
19 639
19 640
19 641
19 642
19 643
19 644
19 645
19 646
19 647
19 648
19 649
19 650
19 651
19 652
19 653
19 654
19 655
19 656
19 657
19 658
19 659
19 660
19 661
19 662
19 663
19 664
19 665
19 666
19 667
19 668
19 669
19 670
19 671
19 672
19 673
19 674
19 675
19 676
19 677
19 678
19 679
19 680
19 681
19 682
19 683
19 684
19 685
19 686
19 687
19 688
19 689
19 690
19 691
19 692
19 693
19 694
19 695
19 696
19 697
19 698
19 699
19 700
19 701
19 702
19 703
19 704
19 705
19 706
19 707
19 708
19 709
19 710
19 711
19 712
19 713
19 714
19 715
19 716
19 717
19 718
19 719
19 720
19 721
19 722
19 723
19 724
19 725
19 726
19 727
19 728
19 729
19 730
19 731
19 732
19 733
19 734
19 735
19 736
19 737
19 738
19 739
19 740
19 741
19 742
19 743
19 744
19 745
19 746
19 747
19 748
19 749
19 750
19 751
19 752
19 753
19 754
19 755
19 756
19 757
19 758
19 759
19 760
19 761
19 762
19 763
19 764
19 765
19 766
19 767
19 768
19 769
19 770
19 771
19 772
19 773
19 774
19 775
19 776
19 777
19 778
19 779
19 780
19 781
19 782
19 783
19 784
19 785
19 786
19 787
19 788
19 789
19 790
19 791
19 792
19 793
19 794
19 795
19 796
19 797
19 798
19 799
19 800
19 801
19 802
19 803
19 804
19 805
19 806
19 807
19 808
19 809
19 810
19 811
19 812
19 813
19 814
19 815
19 816
19 817
19 818
19 819
19 820
19 821
19 822
19 823
19 824
19 825
19 826
19 827
19 828
19 829
19 830
19 831
19 832
19 833
19 834
19 835
19 836
19 837
19 838
19 839
19 840
19 841
19 842
19 843
19 844
19 845
19 846
19 847
19 848
19 849
19 850
19 851
19 852
19 854
19 855
19 856
19 857
19 858
19 859
19 860
19 861
19 862
19 863
19 864
19 865
19 866
19 867
19 868
19 869
19 870
19 871
19 872
19 873
19 874
19 875
19 876
19 877
19 878
19 879
19 880
19 881
19 882
19 883
19 884
19 885
19 886
19 887
19 888
19 889
19 890
19 891
19 892
19 893
19 894
19 895
19 896
19 898
19 899
19 901
19 902
19 903
19 904
19 905
19 906
19 907
19 908
19 909
19 910
19 911
19 912
19 913
19 914
19 915
19 916
19 917
19 918
19 919
19 920
19 921
19 922
19 923
19 924
19 925
19 926
19 927
19 928
19 929
19 930
19 931
19 932
19 933
19 934
19 935
19 936
19 937
19 938
19 939
19 940
19 941
19 942
19 943
19 946
19 947
19 948
19 949
19 950
19 951
19 952
19 953
19 954
19 955
19 956
19 957
19 958
19 959
19 960
19 961
19 962
19 963
19 964
19 965
19 966
19 967
19 968
19 969
19 970
19 971
19 972
19 973
19 974
19 975
19 976
19 977
19 978
19 979
19 980
19 981
19 982
19 983
19 984
19 985
19 986
19 987
19 988
19 989
19 990
19 991
19 992
19 993
19 994
19 996
19 997
19 998
19 1000
19 1001
19 1002
19 1003
19 1004
19 1005
19 1006
19 1007
19 1008
19 1009
19 1010
19 1011
19 1012
19 1013
19 1014
19 1015
19 1016
19 1017
19 1018
19 1019
19 1020
19 1021
19 1022
19 1023
19 1024
19 1025
19 1026
19 1027
19 1028
19 1029
19 1030
19 1031
19 1032
19 1033
19 1034
19 1035
19 1036
19 1037
19 1038
19 1039
19 1040
19 1042
19 1043
19 1044
19 1045
19 1046
19 1047
19 1048
19 1049
19 1050
19 1051
19 1052
19 1053
19 1054
19 1055
19 1056
19 1057
19 1058
19 1059
19 1060
19 1061
19 1062
19 1063
19 1064
19 1065
19 1066
19 1067
19 1068
19 1069
19 1070
19 1071
19 1072
19 1073
19 1074
19 1075
19 1076
19 1077
19 1078
19 1079
19 1080
19 1081
19 1082
19 1083
19 1084
19 1085
19 1087
19 1088
19 1089
19 1090
19 1091
19 1092
19 1093
19 1094
19 1096
19 1097
19 1098
19 1099
19 1100
19 1101
19 1102
19 1103
19 1104
19 1105
19 1106
19 1107
19 1108
19 1109
19 1110
19 1111
19 1112
19 1113
19 1114
19 1115
19 1116
19 1117
19 1118
19 1119
19 1120
19 1124
19 1125
19 1126
19 1131
19 1133
19 1134
19 1146
19 1151
19 1156
19 1157
19 1159
19 1160
19 1161
19 1162
19 1163
19 1164
19 1165
19 1166
19 1167
19 1168
19 1169
19 1170
19 1171
19 1173
19 1174
19 1175
19 1176
19 1177
19 1178
19 1179
19 1180
19 1181
19 1182
19 1183
19 1184
19 1185
19 1186
19 1187
19 1188
19 1189
19 1190
19 1191
19 1192
19 1193
19 1194
19 1195
19 1196
19 1197
19 1198
19 1199
19 1200
19 1201
19 1202
19 1204
19 1210
19 1212
19 1213
19 1215
19 1221
19 1222
19 1223
19 1224
19 1225
19 1226
19 1227
19 1228
19 1229
19 1230
19 1232
19 1233
19 1234
19 1235
19 1236
19 1237
19 1238
19 1239
19 1240
19 1241
19 1242
19 1243
19 1244
19 1245
19 1246
19 1247
19 1248
19 1249
19 1250
19 1251
19 1252
19 1253
19 1254
19 1255
19 1256
19 1257
19 1258
19 1259
19 1260
19 1261
19 1262
19 1263
19 1264
19 1265
19 1266
19 1267
19 1268
19 1269
19 1270
19 1271
19 1272
19 1273
19 1274
19 1275
19 1276
19 1277
19 1278
19 1279
19 1280
19 1281
19 1282
19 1283
19 1284
19 1286
19 1287
19 1288
19 1289
19 1290
19 1292
19 1293
19 1294
19 1295
19 1296
19 1297
19 1300
19 1301
19 1302
19 1303
19 1304
19 1305
19 1306
19 1307
19 1308
19 1310
19 1311
19 1314
19 1315
19 1316
19 1317
19 1318
19 1319
19 1320
19 1321
19 1322
19 1323
19 1324
19 1325
19 1326
19 1327
19 1328
19 1329
19 1330
19 1331
19 1332
19 1333
19 1334
19 1335
19 1336
19 1337
19 1338
19 1339
19 1340
19 1341
19 1342
19 1343
19 1344
19 1345
19 1346
19 1347
19 1348
19 1349
19 1350
19 1351
19 1352
19 1353
19 1354
19 1355
19 1356
19 1357
19 1358
19 1359
19 1360
19 1361
19 1362
19 1363
19 1364
19 1365
19 1366
19 1367
19 1368
19 1369
19 1370
19 1371
19 1372
19 1373
19 1374
19 1375
19 1376
19 1377
19 1378
19 1379
19 1380
19 1381
19 1382
19 1383
19 1384
19 1385
19 1386
19 1387
19 1388
19 1389
19 1390
19 1391
19 1392
19 1393
19 1394
19 1395
19 1396
19 1397
19 1398
19 1399
19 1400
19 1401
19 1402
19 1403
19 1404
19 1405
19 1406
19 1407
19 1408
19 1409
19 1410
19 1411
19 1412
19 1413
19 1414
19 1415
19 1416
19 1417
19 1418
19 1419
19 1420
19 1421
19 1422
19 1423
19 1424
19 1425
19 1426
19 1427
19 1428
19 1429
19 1431
19 1432
19 1433
19 1434
19 1435
19 1436
19 1437
19 1438
19 1439
19 1440
19 1441
19 1442
19 1443
19 1444
19 1445
19 1446
19 1447
19 1448
19 1449
19 1450
19 1451
19 1452
19 1453
19 1454
19 1455
19 1456
19 1466
19 1467
19 1468
19 1469
19 1470
19 1471
19 1472
19 1473
19 1474
19 1475
19 1476
19 1477
19 1478
19 1479
19 1480
19 1481
19 1482
19 1483
19 1484
19 1485
19 1486
19 1487
19 1488
19 1489
19 1490
19 1491
19 1492
19 1493
19 1495
19 1496
19 1497
19 1498
19 1499
19 1500
19 1501
19 1502
19 1503
19 1504
19 1505
19 1506
19 1507
19 1508
19 1509
19 1510
19 1511
19 1512
19 1513
19 1514
19 1515
19 1516
19 1517
19 1518
19 1519
19 1520
19 1521
19 1522
19 1523
19 1524
19 1525
19 1526
19 1527
19 1528
19 1529
19 1530
19 1531
19 1532
19 1533
19 1534
19 1535
19 1536
19 1537
19 1538
19 1539
19 1541
19 1542
19 1543
19 1544
19 1548
19 1549
19 1550
19 1551
19 1552
19 1553
19 1554
19 1557
19 1559
19 1560
19 1561
19 1562
19 1563
19 1564
19 1565
19 1566
19 1567
19 1568
19 1569
19 1570
19 1571
19 1572
19 1581
19 1583
19 1584
19 1585
19 1586
19 1587
19 1588
19 1589
19 1590
19 1591
19 1592
19 1593
19 1594
19 1595
19 1596
19 1597
19 1598
19 1599
19 1600
19 1601
19 1602
19 1603
19 1604
19 1606
19 1607
19 1608
19 1609
19 1610
19 1611
19 1612
19 1613
19 1614
19 1615
19 1616
19 1617
19 1618
19 1619
19 1620
19 1621
19 1622
19 1623
19 1624
19 1625
19 1626
19 1627
19 1628
19 1629
19 1630
19 1631
19 1632
19 1633
19 1634
19 1635
19 1636
19 1637
19 1640
19 1641
19 1644
19 1645
19 1646
19 1647
19 1648
19 1649
19 1650
19 1651
19 1652
19 1653
19 1654
19 1655
19 1656
19 1657
19 1658
19 1659
19 1660
19 1661
19 1662
19 1663
19 1664
19 1665
19 1666
19 1668
19 1669
19 1670
19 1671
19 1672
19 1673
19 1674
19 1675
19 1676
19 1677
19 1678
19 1679
19 1680
19 1681
19 1682
19 1683
19 1684
19 1685
19 1686
19 1687
19 1688
19 1689
19 1690
19 1691
19 1692
19 1693
19 1694
19 1695
19 1696
19 1698
19 1699
19 1700
19 1701
19 1702
19 1703
19 1704
19 1705
19 1706
19 1707
19 1708
19 1709
19 1710
19 1714
19 1715
19 1716
19 1717
19 1718
19 1719
19 1720
19 1721
19 1722
19 1723
19 1724
19 1725
19 1727
19 1728
19 1729
19 1730
19 1731
19 1732
19 1733
19 1734
19 1735
19 1736
19 1737
19 1738
19 1739
19 1740
19 1741
19 1742
19 1743
19 1744
19 1745
19 1746
19 1747
19 1748
19 1749
19 1750
19 1751
19 1752
19 1753
19 1754
19 1755
19 1756
19 1757
19 1758
19 1759
19 1760
19 1761
19 1762
19 1763
19 1764
19 1765
19 1766
19 1767
19 1768
19 1769
19 1770
19 1771
19 1772
19 1773
19 1774
19 1775
19 1776
19 1777
19 1778
19 1779
19 1780
19 1781
19 1782
19 1783
19 1784
19 1785
19 1786
19 1787
19 1788
19 1789
19 1790
19 1791
19 1792
19 1793
19 1794
19 1795
19 1796
19 1797
19 1798
19 1799
19 1800
19 1801
19 1802
19 1803
19 1804
19 1805
19 1806
19 1807
19 1808
19 1810
19 1811
19 1812
19 1813
19 1814
19 1815
19 1816
19 1817
19 1818
19 1819
19 1820
19 1821
19 1822
19 1823
19 1824
19 1825
19 1827
19 1829
19 1830
19 1831
19 1832
19 1833
19 1834
19 1835
19 1836
19 1837
19 1838
19 1839
19 1840
19 1841
19 1842
19 1844
19 1845
19 1846
19 1847
19 1848
19 1849
19 1850
19 1851
19 1852
19 1853
19 1854
19 1855
19 1856
19 1857
19 1858
19 1859
19 1860
19 1861
19 1862
19 1863
19 1864
19 1865
19 1866
19 1867
19 1868
19 1869
19 1870
19 1871
19 1883
19 1884
19 1885
19 1888
19 1889
19 1890
19 1891
19 1892
19 1893
19 1894
19 1895
19 1896
19 1897
19 1898
19 1899
19 1900
19 1902
19 1903
19 1904
19 1905
19 1906
19 1907
19 1908
19 1909
19 1910
19 1911
19 1912
19 1913
19 1915
19 1916
19 1917
19 1918
19 1919
19 1920
19 1921
19 1922
19 1924
19 1925
19 1926
19 1927
19 1928
19 1929
19 1930
19 1931
19 1932
19 1933
19 1934
19 1935
19 1936
19 1937
19 1938
19 1939
19 1940
19 1941
19 1942
19 1943
19 1944
19 1945
19 1946
19 1947
19 1948
19 1949
19 1950
19 1951
19 1952
19 1953
19 1954
19 1955
19 1956
19 1957
19 1958
19 1959
19 1960
19 1961
19 1962
19 1963
19 1964
19 1965
19 1966
19 1967
19 1968
19 1969
19 1970
19 1971
19 1972
19 1973
19 1974
19 1975
19 1976
19 1977
19 1978
19 1979
19 1980
19 1981
19 1982
19 1983
19 1984
19 1985
19 1987
19 1988
19 1989
19 1990
19 1991
19 1992
19 1996
19 1998
19 2000
19 2001
19 2002
19 2003
19 2004
19 2005
19 2006
19 2007
19 2008
19 2009
19 2010
19 2011
19 2012
19 2013
19 2014
19 2015
19 2017
19 2019
19 2020
19 2021
19 2022
19 2023
19 2024
19 2025
19 2026
19 2027
19 2028
19 2029
19 2030
19 2031
19 2032
19 2033
19 2034
19 2035
19 2036
19 2037
19 2038
19 2039
19 2040
19 2041
19 2042
19 2044
19 2045
19 2046
19 2047
19 2048
19 2049
19 2050
19 2051
19 2052
19 2054
19 2055
19 2056
19 2057
19 2058
19 2059
19 2060
19 2061
19 2062
19 2063
19 2064
19 2065
19 2066
19 2067
19 2068
19 2069
19 2070
19 2071
19 2072
19 2073
19 2074
19 2075
19 2076
19 2077
19 2078
19 2079
19 2080
19 2081
19 2082
19 2083
19 2084
19 2085
19 2086
19 2087
19 2093
19 2094
19 2095
19 2096
19 2097
19 2098
19 2099
19 2100
19 2101
19 2102
19 2103
19 2104
19 2105
19 2109
19 2110
19 2111
19 2112
19 2113
19 2114
19 2115
19 2117
19 2118
19 2129
19 2130
19 2131
19 2134
19 2138
19 2140
19 2148
19 2149
19 2150
19 2151
19 2152
19 2153
19 2154
19 2156
19 2157
19 2158
19 2159
19 2160
19 2161
19 2162
19 2163
19 2164
19 2165
19 2168
19 2169
19 2170
19 2171
19 2172
19 2173
19 2174
19 2175
19 2176
19 2177
19 2178
19 2179
19 2180
19 2188
19 2192
19 2196
19 2197
19 2203
19 2204
19 2214
19 2231
19 2237
19 2238
19 2239
19 2240
19 2241
19 2242
19 2243
19 2244
19 2245
19 2246
19 2247
19 2248
19 2249
19 2250
19 2255
19 2265
19 2270
19 2285
19 2286
19 2287
19 2288
19 2289
19 2290
19 2294
19 2295
19 2296
19 2297
19 2298
19 2299
19 2302
19 2303
19 2304
19 2305
19 2306
19 2353
20 86
20 224
20 255
20 378
20 400
20 476
20 511
20 518
20 530
20 579
20 582
20 623
20 626
20 631
20 667
20 681
20 685
20 687
20 693
20 701
20 703
20 706
20 723
20 774
20 783
20 789
20 810
20 820
20 823
20 827
20 835
20 836
20 838
20 840
20 844
20 855
20 862
20 870
20 873
20 875
20 879
20 883
20 884
20 889
20 907
20 914
20 916
20 924
20 925
20 926
20 930
20 932
20 933
20 939
20 960
20 962
20 966
20 969
20 970
20 972
20 981
20 984
20 986
20 988
20 991
20 993
20 997
20 1003
20 1008
20 1012
20 1018
20 1019
20 1020
20 1052
20 1072
20 1077
20 1085
20 1090
20 1093
20 1100
20 1103
20 1119
20 1125
20 1136
20 1139
20 1151
20 1170
20 1211
20 1227
20 1229
20 1230
20 1231
20 1240
20 1285
20 1286
20 1287
20 1288
20 1289
20 1290
20 1291
20 1292
20 1293
20 1294
20 1295
20 1296
20 1297
20 1298
20 1299
20 1311
20 1353
20 1357
20 1359
20 1384
20 1462
20 1463
20 1484
20 1494
20 1506
20 1545
20 1564
20 1591
20 1605
20 1707
20 1726
20 1770
20 1829
20 1872
20 1874
20 1919
20 1982
20 1983
20 1984
20 1985
20 1986
20 1987
20 1988
20 1989
20 1990
20 1991
20 1992
20 1993
20 1994
20 1995
20 1996
20 1997
20 1998
20 1999
20 2000
20 2231
20 2232
20 2233
20 2234
21 86
21 239
21 289
21 400
21 401
21 402
21 403
21 451
21 476
21 527
21 567
21 583
21 680
21 1250
21 2226
21 2324
21 2380
21 2381
21 2406
21 2407
21 2408
21 2409
21 2410
21 2411
21 2412
21 2413
21 2414
21 2415
21 2416
21 2417
21 2418
21 2419
21 2420
21 2504
21 2505
22 86
22 275
22 2382
22 2383
22 2384
22 2385
22 2386
22 2387
22 2388
22 2389
22 2390
23 86
23 90
23 97
23 125
23 184
23 187
23 196
23 239
23 276
23 281
23 285
23 458
23 467
23 523
23 524
23 534
23 560
23 583
23 629
23 630
23 668
23 678
23 680
23 703
23 812
23 813
23 873
23 901
23 1031
23 1097
23 1118
23 1188
23 1250
23 1310
23 1355
23 1377
23 1522
23 1564
23 1656
23 1722
23 1723
23 1735
23 1736
23 1762
23 1764
23 1781
23 1794
23 1797
23 1826
23 1827
23 1833
23 1838
23 1841
23 1856
23 1857
23 1872
23 1873
23 1874
23 1875
23 1876
23 1877
23 1878
23 1879
23 1880
23 1881
23 1882
23 1935
23 1991
23 1992
23 2100
23 2102
23 2116
23 2144
23 2145
23 2146
23 2147
23 2148
23 2149
23 2153
23 2170
23 2174
23 2180
23 2187
23 2200
23 2222
23 2255
23 2256
23 2257
23 2310
23 2358
23 2385
23 2388
23 2471
23 2649
23 2650
23 2687
23 2708
23 2709
23 2710
23 2711
23 2712
23 2713
23 2714
23 2715
23 2716
23 2719
23 2720
23 2721
23 2722
23 2723
23 2724
23 2725
23 2726
23 2727
23 2728
23 2729
23 2730
23 2731
23 2732
23 2733
23 2734
23 2735
23 2736
23 2737
23 2738
23 2739
23 2740
23 2741
23 2742
23 2743
23 2744
23 2745
23 2746
23 2747
23 2748
23 2749
23 2750
23 2751
23 2752
23 2753
23 2754
23 2755
23 2756
23 2757
23 2758
23 2759
23 2760
23 2761
23 2762
23 2763
23 2764
23 2765
23 2766
23 2767
23 2768
23 2769
23 2770
23 2771
23 2772
23 2773
23 2774
23 2775
23 2776
23 2777
23 2778
23 2779
23 2780
23 2781
23 2782
23 2783
24 86
25 86
25 2479
25 2480
25 2481
25 2482
25 2589
26 87
27 87
27 91
27 110
27 329
27 331
27 335
27 336
27 340
27 341
27 342
27 343
27 344
27 350
27 351
27 363
27 391
27 392
27 397
27 398
27 417
27 418
27 419
27 420
27 421
27 422
27 423
27 424
27 447
27 448
27 449
27 450
27 484
27 485
27 486
27 488
27 489
27 490
27 491
27 492
27 493
27 494
27 495
27 500
27 501
27 509
27 568
27 569
27 570
27 571
27 572
27 573
27 574
27 853
27 1546
27 1547
27 1573
27 1574
27 1575
27 1576
27 1577
27 1578
27 1579
27 1667
27 1711
27 1886
27 1887
27 2089
27 2090
27 2092
27 2166
27 2181
27 2183
27 2184
27 2185
27 2186
27 2191
27 2209
27 2210
27 2211
27 2212
27 2213
27 2227
27 2235
27 2236
27 2252
27 2267
27 2268
27 2269
27 2271
27 2272
27 2273
27 2275
27 2276
27 2277
27 2278
27 2281
27 2282
27 2283
27 2284
27 2292
27 2313
27 2314
27 2323
27 2325
27 2326
27 2327
27 2328
27 2329
27 2330
27 2332
27 2334
27 2339
27 2340
27 2341
27 2343
27 2344
27 2351
27 2352
27 2355
27 2356
27 2363
27 2364
27 2365
27 2375
27 2376
27 2395
27 2396
27 2404
27 2405
27 2423
27 2424
27 2425
27 2426
27 2427
27 2431
27 2432
27 2433
27 2434
27 2445
27 2446
27 2447
27 2448
27 2449
27 2450
27 2451
27 2452
27 2453
27 2454
27 2455
27 2456
27 2457
27 2458
27 2459
27 2460
27 2461
27 2483
27 2484
27 2485
27 2490
27 2491
27 2510
27 2511
27 2512
27 2513
27 2514
27 2515
27 2516
27 2521
27 2522
27 2526
27 2530
27 2531
27 2532
27 2533
27 2540
27 2541
27 2542
27 2543
27 2546
27 2549
27 2550
27 2552
28 88
28 183
28 185
28 194
28 195
28 196
28 197
28 219
28 232
28 245
28 246
28 249
28 250
28 256
28 258
28 261
28 265
28 287
28 291
28 294
28 296
28 297
28 298
28 299
28 300
28 313
28 321
28 322
28 323
28 324
28 328
28 379
29 88
29 181
29 183
29 185
29 191
29 194
29 195
29 196
29 197
29 217
29 219
29 220
29 221
29 222
29 223
29 232
29 244
29 245
29 246
29 247
29 248
29 249
29 250
29 251
29 252
29 253
29 254
29 255
29 256
29 257
29 258
29 259
29 260
29 261
29 262
29 263
29 265
29 278
29 287
29 291
29 294
29 295
29 296
29 297
29 298
29 299
29 300
29 305
29 311
29 312
29 313
29 314
29 316
29 317
29 320
29 321
29 323
29 324
29 325
29 326
29 328
29 364
29 365
29 366
29 367
29 368
29 369
29 370
29 371
29 372
29 373
29 374
29 375
29 376
29 377
29 378
29 379
29 380
29 381
29 382
29 390
29 394
29 395
29 396
29 399
29 404
29 405
29 406
29 407
29 410
29 412
29 425
29 429
29 438
29 440
29 441
29 442
29 443
29 444
29 445
29 446
29 451
29 459
29 460
29 462
29 463
29 482
29 499
29 510
29 512
29 517
29 525
29 530
29 534
29 550
29 551
29 567
29 725
29 820
29 822
29 823
29 824
29 825
29 826
29 827
29 899
29 923
29 957
29 960
29 975
29 1009
29 1085
29 1093
29 1100
29 1124
29 1235
29 1252
29 1265
29 1291
29 1304
29 1333
29 1336
29 1337
29 1338
29 1339
29 1340
29 1341
29 1342
29 1343
29 1344
29 1345
29 1346
29 1347
29 1348
29 1349
29 1350
29 1351
29 1352
29 1353
29 1354
29 1355
29 1356
29 1357
29 1358
29 1359
29 1360
29 1375
29 1376
29 1377
29 1378
29 1379
29 1380
29 1381
29 1382
29 1383
29 1384
29 1385
29 1386
29 1506
29 1512
29 1514
29 1515
29 1516
29 1517
29 1518
29 1520
29 1521
29 1522
29 1523
29 1524
29 1525
29 1526
29 1527
29 1528
29 1529
29 1530
29 1531
29 1532
29 1533
29 1534
29 1535
29 1536
29 1537
29 1538
29 1539
29 1548
29 1552
29 1560
29 1562
29 1565
29 1566
29 1567
29 1568
29 1569
29 1570
29 1571
29 1572
29 1584
29 1700
29 1707
29 1708
29 1709
29 1710
29 1718
29 1728
29 1732
29 1739
29 1740
29 1755
29 1763
29 1767
29 1770
29 1775
29 1781
29 1784
29 1786
29 1787
29 1788
29 1789
29 1790
29 1794
29 1795
29 1796
29 1802
29 1803
29 1805
29 1806
29 1814
29 1815
29 1818
29 1819
29 1822
29 1823
29 1824
29 1825
29 1826
29 1831
29 1832
29 1836
29 1837
29 1838
29 1839
29 1840
29 1842
29 1857
29 1872
29 1874
29 1876
29 1877
29 1880
29 1882
30 88
30 2189
30 2190
31 88
31 197
31 232
31 246
31 247
31 248
31 249
31 255
31 256
31 261
31 262
31 263
31 265
31 287
31 291
31 294
31 296
31 297
31 298
31 299
31 300
31 311
31 313
31 314
31 326
31 328
31 369
31 372
31 374
31 377
31 379
31 380
31 382
31 394
31 404
31 405
31 407
31 425
31 440
31 441
31 442
31 444
31 446
31 451
31 460
31 499
31 550
31 1072
31 1093
31 1235
31 1304
31 1333
31 1337
31 1344
31 1350
31 1356
31 1359
31 1512
31 1524
31 1560
31 1562
31 1715
31 1755
31 1767
31 1775
31 1831
31 1836
31 1838
31 1842
31 1877
31 1880
31 1985
31 2044
31 2115
31 2118
31 2119
31 2145
31 2218
31 2219
31 2220
31 2335
31 2361
31 2362
32 88
33 88
33 93
33 137
33 156
33 157
33 158
33 159
33 160
33 161
33 162
33 163
33 164
33 165
33 166
33 167
33 169
33 170
33 171
33 172
33 173
33 174
33 181
33 182
33 183
33 185
33 193
33 194
33 195
33 196
33 197
33 217
33 218
33 219
33 221
33 222
33 223
33 225
33 227
33 228
33 232
33 233
33 234
33 236
33 244
33 245
33 246
33 247
33 248
33 249
33 250
33 251
33 252
33 253
33 254
33 255
33 256
33 257
33 258
33 259
33 260
33 261
33 263
33 265
33 278
33 287
33 291
33 294
33 295
33 296
33 297
33 298
33 299
33 300
33 305
33 311
33 312
33 313
33 314
33 316
33 317
33 320
33 321
33 322
33 323
33 324
33 325
33 326
33 328
33 364
33 365
33 366
33 368
33 369
33 370
33 371
33 372
33 373
33 374
33 377
33 378
33 379
33 380
33 381
33 382
33 389
33 394
33 395
33 396
33 399
33 404
33 405
33 406
33 407
33 412
33 414
33 425
33 429
33 437
33 438
33 440
33 441
33 442
33 443
33 444
33 445
33 446
33 451
33 455
33 459
33 460
33 462
33 463
33 466
33 482
33 483
33 499
33 510
33 512
33 517
33 524
33 525
33 530
33 534
33 550
33 551
33 552
33 567
33 576
33 578
33 581
33 584
33 623
33 625
33 628
33 692
33 704
33 717
33 725
33 782
33 820
33 822
33 823
33 825
33 826
33 827
33 860
33 862
33 864
33 867
33 870
33 899
33 901
33 923
33 946
33 956
33 961
33 962
33 964
33 965
33 966
33 968
33 982
33 996
33 1018
33 1019
33 1058
33 1064
33 1068
33 1072
33 1085
33 1093
33 1096
33 1097
33 1100
33 1101
33 1119
33 1124
33 1131
33 1132
33 1134
33 1146
33 1149
33 1209
33 1214
33 1235
33 1252
33 1291
33 1293
33 1294
33 1296
33 1304
33 1308
33 1317
33 1332
33 1333
33 1336
33 1337
33 1338
33 1339
33 1340
33 1341
33 1342
33 1343
33 1344
33 1345
33 1346
33 1347
33 1348
33 1349
33 1350
33 1351
33 1352
33 1353
33 1354
33 1355
33 1356
33 1357
33 1358
33 1359
33 1360
33 1362
33 1367
33 1369
33 1375
33 1376
33 1377
33 1378
33 1379
33 1380
33 1381
33 1382
33 1383
33 1384
33 1385
33 1386
33 1406
33 1430
33 1506
33 1512
33 1514
33 1515
33 1516
33 1517
33 1518
33 1520
33 1521
33 1522
33 1523
33 1524
33 1525
33 1526
33 1527
33 1528
33 1529
33 1530
33 1531
33 1532
33 1533
33 1534
33 1535
33 1536
33 1537
33 1538
33 1539
33 1548
33 1552
33 1560
33 1562
33 1565
33 1566
33 1567
33 1568
33 1569
33 1570
33 1571
33 1572
33 1584
33 1593
33 1595
33 1605
33 1606
33 1634
33 1641
33 1655
33 1665
33 1674
33 1677
33 1692
33 1697
33 1700
33 1707
33 1708
33 1709
33 1710
33 1718
33 1725
33 1728
33 1730
33 1739
33 1740
33 1755
33 1767
33 1770
33 1771
33 1775
33 1781
33 1785
33 1787
33 1788
33 1795
33 1796
33 1802
33 1803
33 1805
33 1807
33 1808
33 1815
33 1817
33 1818
33 1819
33 1822
33 1824
33 1825
33 1826
33 1827
33 1831
33 1832
33 1833
33 1837
33 1838
33 1839
33 1842
33 1857
33 1861
33 1872
33 1874
33 1876
33 1877
33 1880
33 1882
33 1908
33 1938
33 1988
33 1989
33 1991
33 2044
33 2078
33 2114
33 2115
33 2117
33 2118
33 2119
33 2120
33 2121
33 2124
33 2140
33 2141
33 2143
33 2144
33 2145
33 2167
33 2192
33 2197
33 2215
33 2217
33 2218
33 2219
33 2220
33 2221
33 2222
33 2223
33 2224
33 2286
33 2288
33 2310
33 2335
33 2353
33 2380
33 2403
33 2439
34 88
34 93
34 137
34 181
34 182
34 190
34 214
34 215
34 216
34 217
34 218
34 224
34 225
34 226
34 227
34 228
34 229
34 230
34 231
34 233
34 234
34 235
34 236
34 244
34 277
34 278
34 288
34 295
34 301
34 305
34 361
34 383
34 389
34 400
34 403
34 438
34 454
34 455
34 458
34 461
34 467
34 496
34 511
34 518
34 525
34 530
34 534
34 536
34 537
34 538
34 541
34 554
34 564
34 575
34 626
34 681
34 687
34 693
34 701
34 720
34 776
34 777
34 783
34 789
34 790
34 804
34 808
34 810
34 820
34 823
34 827
34 828
34 829
34 830
34 832
34 833
34 834
34 835
34 836
34 837
34 838
34 839
34 840
34 847
34 855
34 860
34 862
34 863
34 864
34 873
34 875
34 879
34 883
34 884
34 887
34 889
34 893
34 901
34 910
34 913
34 914
34 916
34 924
34 925
34 926
34 930
34 939
34 946
34 959
34 960
34 962
34 963
34 966
34 969
34 970
34 972
34 973
34 985
34 987
34 988
34 991
34 997
34 998
34 1006
34 1008
34 1012
34 1018
34 1019
34 1020
34 1022
34 1025
34 1027
34 1028
34 1029
34 1031
34 1052
34 1055
34 1060
34 1061
34 1068
34 1072
34 1073
34 1074
34 1076
34 1077
34 1087
34 1088
34 1089
34 1090
34 1091
34 1092
34 1096
34 1097
34 1098
34 1099
34 1101
34 1103
34 1104
34 1106
34 1108
34 1109
34 1110
34 1111
34 1112
34 1113
34 1115
34 1116
34 1119
34 1120
34 1123
34 1124
34 1125
34 1126
34 1127
34 1128
34 1131
34 1132
34 1135
34 1137
34 1138
34 1139
34 1141
34 1142
34 1143
34 1144
34 1145
34 1146
34 1149
34 1150
34 1151
34 1152
34 1153
34 1154
34 1155
34 1157
34 1158
34 1159
34 1162
34 1170
34 1171
34 1172
34 1175
34 1176
34 1177
34 1178
34 1179
34 1180
34 1181
34 1182
34 1197
34 1198
34 1199
34 1200
34 1205
34 1206
34 1207
34 1208
34 1209
34 1211
34 1213
34 1214
34 1216
34 1217
34 1218
34 1219
34 1220
34 1227
34 1236
34 1253
34 1287
34 1289
34 1293
34 1294
34 1296
34 1297
34 1301
34 1302
34 1303
34 1305
34 1307
34 1308
34 1309
34 1311
34 1312
34 1313
34 1315
34 1316
34 1317
34 1318
34 1319
34 1320
34 1321
34 1322
34 1323
34 1324
34 1325
34 1326
34 1327
34 1328
34 1329
34 1330
34 1331
34 1332
34 1361
34 1362
34 1363
34 1365
34 1368
34 1369
34 1371
34 1389
34 1390
34 1391
34 1392
34 1393
34 1394
34 1398
34 1399
34 1404
34 1405
34 1406
34 1430
34 1435
34 1436
34 1437
34 1438
34 1457
34 1458
34 1459
34 1460
34 1461
34 1464
34 1465
34 1476
34 1479
34 1504
34 1506
34 1548
34 1551
34 1553
34 1554
34 1559
34 1560
34 1562
34 1563
34 1564
34 1565
34 1566
34 1567
34 1568
34 1569
34 1570
34 1571
34 1572
34 1584
34 1585
34 1586
34 1605
34 1687
34 1814
34 1827
34 1829
34 1881
34 1939
34 1971
34 1982
34 1983
34 1984
34 1985
34 1987
34 1988
34 1989
34 1990
34 1991
34 1995
34 2045
34 2074
34 2075
34 2076
34 2106
34 2107
34 2108
34 2116
34 2130
34 2131
34 2132
34 2133
34 2134
34 2135
34 2136
34 2138
34 2144
34 2146
34 2147
34 2148
34 2187
34 2231
34 2232
34 2233
34 2302
34 2306
35 88
35 137
35 181
35 182
35 183
35 185
35 191
35 195
35 196
35 197
35 217
35 221
35 229
35 232
35 233
35 235
35 236
35 245
35 246
35 247
35 248
35 249
35 250
35 251
35 252
35 253
35 254
35 255
35 256
35 257
35 258
35 259
35 260
35 261
35 262
35 263
35 265
35 276
35 278
35 287
35 291
35 294
35 295
35 296
35 297
35 298
35 299
35 300
35 305
35 311
35 312
35 313
35 314
35 316
35 317
35 320
35 321
35 322
35 324
35 325
35 326
35 328
35 364
35 366
35 367
35 368
35 369
35 370
35 371
35 372
35 373
35 374
35 377
35 378
35 379
35 380
35 381
35 382
35 389
35 394
35 395
35 396
35 399
35 404
35 405
35 406
35 407
35 410
35 412
35 425
35 429
35 437
35 440
35 441
35 442
35 443
35 444
35 445
35 446
35 451
35 459
35 460
35 461
35 463
35 483
35 499
35 510
35 512
35 517
35 518
35 525
35 530
35 534
35 550
35 567
35 581
35 623
35 625
35 628
35 676
35 677
35 688
35 695
35 709
35 717
35 725
35 780
35 782
35 811
35 820
35 822
35 823
35 824
35 825
35 826
35 827
35 862
35 867
35 868
35 870
35 899
35 901
35 924
35 946
35 955
35 957
35 959
35 960
35 961
35 962
35 963
35 964
35 965
35 966
35 967
35 968
35 969
35 970
35 971
35 972
35 973
35 974
35 975
35 976
35 978
35 979
35 980
35 981
35 982
35 983
35 984
35 985
35 986
35 987
35 988
35 989
35 990
35 991
35 992
35 993
35 994
35 996
35 997
35 998
35 1000
35 1001
35 1002
35 1003
35 1004
35 1005
35 1006
35 1007
35 1008
35 1009
35 1010
35 1011
35 1012
35 1013
35 1014
35 1015
35 1016
35 1017
35 1020
35 1021
35 1031
35 1058
35 1063
35 1072
35 1085
35 1090
35 1092
35 1093
35 1096
35 1097
35 1100
35 1104
35 1106
35 1123
35 1124
35 1128
35 1132
35 1137
35 1156
35 1177
35 1178
35 1198
35 1208
35 1209
35 1235
35 1252
35 1253
35 1265
35 1285
35 1287
35 1289
35 1291
35 1295
35 1304
35 1305
35 1317
35 1319
35 1325
35 1326
35 1332
35 1333
35 1336
35 1337
35 1338
35 1339
35 1340
35 1341
35 1342
35 1343
35 1344
35 1345
35 1346
35 1347
35 1348
35 1349
35 1350
35 1351
35 1352
35 1353
35 1354
35 1355
35 1356
35 1357
35 1358
35 1359
35 1360
35 1365
35 1368
35 1369
35 1375
35 1376
35 1377
35 1378
35 1379
35 1380
35 1381
35 1382
35 1383
35 1384
35 1385
35 1386
35 1392
35 1398
35 1406
35 1438
35 1506
35 1512
35 1514
35 1515
35 1516
35 1517
35 1518
35 1520
35 1521
35 1522
35 1523
35 1524
35 1525
35 1526
35 1527
35 1528
35 1529
35 1530
35 1531
35 1532
35 1533
35 1534
35 1535
35 1536
35 1537
35 1538
35 1539
35 1548
35 1552
35 1562
35 1566
35 1567
35 1568
35 1569
35 1571
35 1572
35 1584
35 1591
35 1592
35 1594
35 1596
35 1598
35 1599
35 1600
35 1602
35 1605
35 1606
35 1613
35 1634
35 1656
35 1665
35 1668
35 1674
35 1677
35 1678
35 1679
35 1694
35 1695
35 1707
35 1709
35 1710
35 1718
35 1732
35 1735
35 1736
35 1755
35 1767
35 1771
35 1775
35 1781
35 1784
35 1785
35 1787
35 1788
35 1790
35 1795
35 1796
35 1801
35 1802
35 1803
35 1805
35 1806
35 1813
35 1814
35 1815
35 1817
35 1818
35 1819
35 1822
35 1823
35 1824
35 1825
35 1826
35 1831
35 1832
35 1836
35 1837
35 1838
35 1839
35 1842
35 1857
35 1860
35 1861
35 1867
35 1872
35 1874
35 1876
35 1877
35 1878
35 1880
35 1882
35 1900
35 1908
35 1932
35 1985
35 1991
35 2001
35 2002
35 2007
35 2044
35 2114
35 2115
35 2117
35 2118
35 2119
35 2120
35 2124
35 2140
35 2141
35 2143
35 2145
35 2146
35 2147
35 2153
35 2167
35 2215
35 2216
35 2217
35 2218
35 2219
35 2220
35 2221
35 2222
35 2286
35 2310
35 2312
35 2335
35 2353
35 2380
35 2435
35 2436
35 2479
35 2481
35 2482
35 2529
35 2534
35 2536
35 2580
35 2589
35 2651
36 88
36 93
36 97
36 101
36 125
36 131
36 134
36 137
36 156
36 157
36 158
36 159
36 160
36 161
36 162
36 163
36 164
36 165
36 166
36 167
36 168
36 169
36 170
36 171
36 172
36 173
36 174
36 181
36 182
36 183
36 185
36 191
36 193
36 194
36 195
36 196
36 197
36 215
36 217
36 218
36 219
36 220
36 221
36 222
36 223
36 225
36 227
36 228
36 229
36 232
36 233
36 234
36 235
36 236
36 244
36 245
36 246
36 247
36 248
36 249
36 250
36 251
36 252
36 253
36 254
36 255
36 256
36 257
36 258
36 259
36 260
36 261
36 262
36 263
36 265
36 273
36 276
36 278
36 287
36 289
36 291
36 292
36 294
36 295
36 296
36 297
36 298
36 299
36 300
36 303
36 304
36 305
36 311
36 312
36 313
36 314
36 316
36 317
36 320
36 321
36 322
36 323
36 324
36 325
36 326
36 328
36 364
36 365
36 366
36 367
36 368
36 369
36 370
36 371
36 372
36 373
36 374
36 375
36 376
36 377
36 378
36 379
36 380
36 381
36 382
36 384
36 386
36 388
36 389
36 394
36 395
36 396
36 399
36 404
36 405
36 406
36 407
36 410
36 412
36 414
36 425
36 429
36 435
36 437
36 438
36 440
36 441
36 442
36 443
36 444
36 445
36 446
36 451
36 455
36 459
36 460
36 461
36 462
36 463
36 466
36 482
36 483
36 499
36 510
36 512
36 513
36 514
36 517
36 518
36 522
36 523
36 524
36 525
36 526
36 529
36 530
36 534
36 550
36 551
36 552
36 553
36 554
36 567
36 576
36 578
36 581
36 582
36 584
36 593
36 623
36 625
36 628
36 678
36 680
36 688
36 690
36 692
36 695
36 704
36 709
36 717
36 725
36 763
36 780
36 782
36 811
36 820
36 822
36 823
36 824
36 825
36 826
36 827
36 860
36 862
36 864
36 867
36 868
36 870
36 899
36 901
36 923
36 924
36 946
36 955
36 956
36 957
36 959
36 960
36 961
36 962
36 963
36 964
36 965
36 966
36 967
36 968
36 969
36 970
36 971
36 972
36 973
36 974
36 975
36 976
36 978
36 979
36 980
36 981
36 982
36 983
36 984
36 985
36 986
36 987
36 988
36 989
36 990
36 991
36 992
36 993
36 994
36 996
36 997
36 998
36 1000
36 1001
36 1002
36 1003
36 1004
36 1005
36 1006
36 1007
36 1008
36 1009
36 1010
36 1011
36 1012
36 1013
36 1014
36 1015
36 1016
36 1017
36 1018
36 1019
36 1020
36 1021
36 1031
36 1040
36 1049
36 1058
36 1063
36 1064
36 1065
36 1066
36 1068
36 1072
36 1085
36 1090
36 1092
36 1093
36 1096
36 1097
36 1100
36 1101
36 1104
36 1106
36 1119
36 1123
36 1124
36 1128
36 1131
36 1132
36 1134
36 1137
36 1146
36 1149
36 1155
36 1156
36 1177
36 1178
36 1187
36 1198
36 1208
36 1209
36 1214
36 1235
36 1252
36 1253
36 1265
36 1267
36 1285
36 1287
36 1289
36 1291
36 1293
36 1294
36 1295
36 1296
36 1304
36 1305
36 1308
36 1317
36 1319
36 1325
36 1326
36 1332
36 1333
36 1336
36 1337
36 1338
36 1339
36 1340
36 1341
36 1342
36 1343
36 1344
36 1345
36 1346
36 1347
36 1348
36 1349
36 1350
36 1351
36 1352
36 1353
36 1354
36 1355
36 1356
36 1357
36 1358
36 1359
36 1360
36 1362
36 1365
36 1367
36 1368
36 1369
36 1375
36 1376
36 1377
36 1378
36 1379
36 1380
36 1381
36 1382
36 1383
36 1384
36 1385
36 1386
36 1392
36 1398
36 1402
36 1406
36 1430
36 1438
36 1504
36 1506
36 1512
36 1514
36 1515
36 1516
36 1517
36 1518
36 1520
36 1521
36 1522
36 1523
36 1524
36 1525
36 1526
36 1527
36 1528
36 1529
36 1530
36 1531
36 1532
36 1533
36 1534
36 1535
36 1536
36 1537
36 1538
36 1539
36 1548
36 1552
36 1560
36 1562
36 1565
36 1566
36 1567
36 1568
36 1569
36 1570
36 1571
36 1572
36 1584
36 1591
36 1592
36 1593
36 1594
36 1595
36 1596
36 1598
36 1599
36 1600
36 1602
36 1605
36 1606
36 1613
36 1634
36 1641
36 1655
36 1656
36 1665
36 1668
36 1674
36 1677
36 1678
36 1679
36 1692
36 1694
36 1695
36 1696
36 1700
36 1707
36 1708
36 1709
36 1710
36 1714
36 1715
36 1718
36 1725
36 1728
36 1730
36 1732
36 1735
36 1736
36 1739
36 1740
36 1755
36 1763
36 1767
36 1770
36 1771
36 1775
36 1780
36 1781
36 1784
36 1785
36 1786
36 1787
36 1788
36 1789
36 1790
36 1794
36 1795
36 1796
36 1801
36 1802
36 1803
36 1805
36 1806
36 1807
36 1808
36 1813
36 1814
36 1815
36 1817
36 1818
36 1819
36 1822
36 1823
36 1824
36 1825
36 1826
36 1827
36 1831
36 1832
36 1833
36 1836
36 1837
36 1838
36 1839
36 1840
36 1842
36 1857
36 1860
36 1861
36 1867
36 1872
36 1874
36 1876
36 1877
36 1878
36 1880
36 1882
36 1894
36 1900
36 1908
36 1932
36 1938
36 1985
36 1988
36 1989
36 1991
36 2001
36 2002
36 2007
36 2044
36 2078
36 2114
36 2115
36 2117
36 2118
36 2119
36 2120
36 2121
36 2124
36 2140
36 2141
36 2143
36 2144
36 2145
36 2146
36 2147
36 2153
36 2167
36 2192
36 2197
36 2215
36 2216
36 2217
36 2218
36 2219
36 2220
36 2221
36 2222
36 2223
36 2224
36 2286
36 2288
36 2310
36 2312
36 2335
36 2345
36 2346
36 2353
36 2380
36 2403
36 2408
36 2435
36 2436
36 2439
36 2479
36 2481
36 2482
36 2529
36 2534
36 2536
36 2570
36 2571
36 2572
36 2573
36 2574
36 2575
36 2576
36 2577
36 2578
36 2580
36 2581
36 2582
36 2583
36 2584
36 2585
36 2586
36 2587
36 2589
36 2611
36 2613
36 2614
36 2615
36 2616
36 2617
36 2618
36 2620
36 2621
36 2622
36 2623
36 2624
36 2625
36 2626
36 2627
36 2628
36 2630
36 2631
36 2632
36 2636
36 2637
36 2639
36 2640
36 2642
36 2643
36 2644
36 2645
36 2648
36 2651
36 2661
36 2666
36 2667
36 2668
36 2669
36 2670
36 2672
36 2694
37 91
38 92
39 93
39 228
39 246
39 251
39 278
39 290
39 291
39 297
39 302
39 387
39 396
39 407
39 408
39 409
39 438
39 441
39 442
39 443
39 444
39 445
39 446
39 459
39 460
39 461
39 462
39 463
39 464
39 476
39 482
39 499
39 510
39 512
39 547
39 887
39 1100
39 1131
39 1132
39 1227
39 1235
39 1430
39 1540
40 93
40 181
40 187
40 215
40 217
40 233
40 236
40 278
40 389
40 438
40 532
40 533
40 534
40 535
40 554
40 900
40 1070
41 96
42 97
42 98
42 99
43 97
43 126
43 187
43 237
43 243
44 97
44 170
44 264
44 273
44 289
44 292
44 303
44 304
44 384
44 386
44 388
44 526
44 529
44 553
44 2345
44 2570
44 2571
44 2572
44 2573
44 2574
44 2575
44 2576
44 2577
44 2578
44 2579
44 2580
44 2581
44 2582
44 2583
44 2584
44 2585
44 2586
44 2587
44 2666
44 2667
44 2668
44 2669
44 2670
45 100
45 101
45 105
46 102
46 103
47 104
48 106
49 106
49 298
49 314
49 328
49 379
49 1304
49 1339
49 1350
49 1358
49 1512
49 1515
49 1548
49 2307
49 2308
49 2408
50 107
50 125
51 108
51 109
52 111
52 498
52 516
52 565
52 867
52 868
52 1090
52 1130
52 1317
52 1612
52 1861
52 1869
52 2496
52 2681
52 2682
52 2683
52 2684
52 2685
52 2686
52 2687
52 2688
52 2689
52 2690
52 2691
52 2692
52 2693
52 2694
52 2695
52 2697
52 2698
52 2699
52 2700
52 2701
52 2702
52 2703
52 2704
52 2705
52 2706
52 2707
53 111
53 667
53 1196
53 2168
53 2180
53 2499
53 2500
53 2501
53 2502
53 2503
53 2507
53 2553
53 2554
53 2555
53 2556
53 2557
53 2558
53 2559
53 2560
53 2561
53 2562
53 2563
53 2564
53 2565
53 2566
53 2567
53 2568
53 2569
54 113
54 487
55 114
55 115
55 116
56 114
56 115
56 430
56 519
56 520
56 2229
56 2230
57 114
57 115
57 116
57 117
57 118
57 242
57 1163
57 1250
57 2226
57 2515
57 2516
57 2550
57 2724
58 116
58 117
58 118
58 240
58 241
58 242
59 119
60 120
60 121
61 125
62 125
62 2360
62 2361
63 125
64 125
65 125
65 2089
65 2366
66 125
67 131
67 134
67 156
67 157
67 158
67 159
67 160
67 161
67 162
67 163
67 164
67 165
67 166
67 167
67 168
67 169
67 170
67 171
67 172
67 173
67 174
67 183
67 193
67 194
67 197
67 217
67 232
67 247
67 250
67 263
67 294
67 308
67 309
67 311
67 313
67 317
67 320
67 321
67 322
67 323
67 373
67 374
67 379
67 395
67 396
67 410
67 414
67 443
67 444
67 523
67 552
67 678
67 1058
67 1068
67 1209
67 1346
67 1351
67 1352
67 1353
67 1406
67 1514
67 1522
67 1537
67 1677
67 1714
67 1715
67 1728
67 1775
67 1803
67 1825
67 1833
67 2078
67 2119
67 2224
67 2408
68 131
68 159
68 162
68 163
68 167
68 173
68 174
68 183
68 196
68 223
68 247
68 251
68 254
68 255
68 256
68 257
68 258
68 259
68 260
68 265
68 287
68 291
68 294
68 299
68 313
68 314
68 316
68 317
68 325
68 328
68 364
68 365
68 366
68 369
68 372
68 373
68 374
68 375
68 377
68 381
68 396
68 405
68 406
68 438
68 442
68 510
68 530
68 550
68 552
68 567
68 683
68 690
68 695
68 956
68 1012
68 1100
68 1155
68 1209
68 1285
68 1304
68 1333
68 1336
68 1337
68 1338
68 1339
68 1340
68 1341
68 1342
68 1343
68 1344
68 1345
68 1346
68 1347
68 1348
68 1349
68 1350
68 1351
68 1352
68 1353
68 1354
68 1355
68 1356
68 1357
68 1358
68 1359
68 1360
68 1367
68 1382
68 1383
68 1384
68 1504
68 1506
68 1512
68 1514
68 1515
68 1516
68 1517
68 1518
68 1520
68 1521
68 1522
68 1523
68 1524
68 1525
68 1526
68 1527
68 1528
68 1529
68 1530
68 1531
68 1532
68 1533
68 1534
68 1535
68 1536
68 1537
68 1538
68 1539
68 1552
68 1567
68 1606
68 1656
68 1677
68 1700
68 1707
68 1710
68 1770
68 1781
68 1795
68 1803
68 1838
68 1842
68 1876
68 1908
68 1985
68 1986
68 1989
68 1991
68 2115
68 2118
68 2144
68 2145
68 2215
68 2216
68 2218
68 2219
68 2335
68 2439
68 2480
68 2586
68 2615
68 2620
68 2635
68 2636
68 2639
68 2672
68 2694
69 134
69 552
70 156
70 157
70 158
70 159
70 160
70 161
70 162
70 163
70 164
70 165
70 166
70 167
70 169
70 172
70 182
70 227
70 412
70 415
70 523
71 156
71 157
71 158
71 162
71 163
71 168
71 169
71 173
71 174
71 193
71 287
71 291
71 300
71 368
71 412
71 428
71 438
71 446
71 499
71 512
71 552
71 1291
71 1537
71 1770
71 1882
72 156
73 160
73 162
73 163
73 165
73 166
73 169
73 170
73 171
73 173
73 174
73 185
73 193
73 196
73 215
73 218
73 219
73 220
73 227
73 232
73 246
73 250
73 255
73 256
73 258
73 265
73 291
73 298
73 300
73 313
73 317
73 321
73 324
73 328
73 369
73 380
73 381
73 382
73 396
73 406
73 414
73 425
73 438
73 446
73 512
73 525
73 552
73 1333
73 1336
73 1340
73 1341
73 1344
73 1348
73 1355
73 1357
73 1378
73 1517
73 1521
73 1522
73 1531
73 1533
73 1534
73 1535
73 1536
73 1537
73 1560
73 1562
73 1565
73 1566
73 1568
73 1569
73 1570
73 1571
73 1584
73 1700
73 1718
73 1730
73 1739
73 1740
73 1767
73 1785
73 1789
73 1796
73 1803
73 1806
73 1807
73 1826
73 1838
73 1842
73 1880
73 1894
73 2044
73 2114
73 2115
73 2117
73 2118
73 2124
73 2143
73 2217
73 2219
73 2220
73 2436
73 2580
74 168
74 172
74 1506
74 2582
75 174
76 180
76 328
76 361
76 667
76 973
76 1682
76 1762
76 1992
76 2053
76 2106
76 2107
76 2108
76 2114
76 2115
76 2117
76 2118
76 2119
76 2120
76 2121
76 2122
76 2123
76 2124
76 2125
76 2126
76 2127
76 2128
76 2130
76 2131
76 2132
76 2133
76 2134
76 2135
76 2136
76 2137
76 2138
76 2141
76 2142
76 2143
76 2671
76 2672
76 2673
76 2674
76 2675
76 2676
77 181
77 219
77 232
77 245
77 247
77 248
77 249
77 253
77 255
77 256
77 257
77 258
77 259
77 262
77 263
77 265
77 291
77 298
77 299
77 300
77 311
77 312
77 313
77 317
77 325
77 364
77 365
77 366
77 369
77 371
77 372
77 373
77 380
77 381
77 382
77 394
77 395
77 404
77 405
77 407
77 412
77 425
77 437
77 441
77 443
77 444
77 451
77 460
77 462
77 499
77 514
77 534
77 551
77 554
77 567
77 576
77 582
77 584
77 623
77 704
77 709
77 725
77 864
77 967
77 975
77 1013
77 1058
77 1085
77 1101
77 1131
77 1308
77 1333
77 1336
77 1337
77 1338
77 1339
77 1340
77 1341
77 1342
77 1343
77 1344
77 1345
77 1346
77 1347
77 1348
77 1350
77 1351
77 1352
77 1353
77 1354
77 1355
77 1356
77 1357
77 1358
77 1359
77 1360
77 1377
77 1380
77 1381
77 1383
77 1384
77 1385
77 1386
77 1512
77 1514
77 1515
77 1516
77 1517
77 1518
77 1520
77 1521
77 1523
77 1524
77 1525
77 1526
77 1527
77 1528
77 1529
77 1530
77 1531
77 1532
77 1533
77 1534
77 1535
77 1536
77 1537
77 1538
77 1539
77 1548
77 1591
77 1602
77 1655
77 1696
77 1700
77 1708
77 1718
77 1725
77 1755
77 1763
77 1767
77 1770
77 1775
77 1780
77 1781
77 1788
77 1790
77 1795
77 1802
77 1806
77 1807
77 1813
77 1815
77 1819
77 1822
77 1826
77 1832
77 1838
77 1861
77 1876
77 1878
77 1882
77 1908
77 1991
77 2044
77 2114
77 2119
77 2120
77 2121
77 2124
77 2145
77 2167
77 2216
77 2218
77 2219
77 2221
77 2286
77 2435
77 2439
77 2482
77 2534
77 2611
77 2613
77 2614
77 2615
77 2616
77 2617
77 2618
77 2620
77 2621
77 2622
77 2623
77 2624
77 2625
77 2626
77 2627
77 2628
77 2630
77 2631
77 2632
77 2636
77 2637
77 2639
77 2640
77 2642
77 2643
77 2644
77 2645
77 2648
77 2651
77 2661
78 185
78 191
78 196
78 219
78 245
78 246
78 247
78 249
78 250
78 256
78 259
78 260
78 262
78 263
78 287
78 291
78 294
78 297
78 298
78 299
78 300
78 311
78 314
78 316
78 317
78 321
78 324
78 325
78 326
78 328
78 364
78 369
78 371
78 372
78 373
78 378
78 379
78 380
78 381
78 382
78 390
78 394
78 395
78 396
78 399
78 404
78 405
78 406
78 410
78 412
78 425
78 429
78 440
78 442
78 444
78 446
78 451
78 459
78 460
78 510
78 512
78 550
78 567
78 1100
78 1304
78 1333
78 1336
78 1338
78 1339
78 1340
78 1341
78 1342
78 1343
78 1344
78 1346
78 1347
78 1349
78 1350
78 1351
78 1352
78 1353
78 1354
78 1355
78 1356
78 1359
78 1512
78 1514
78 1515
78 1516
78 1517
78 1518
78 1520
78 1521
78 1522
78 1523
78 1524
78 1525
78 1526
78 1527
78 1528
78 1529
78 1530
78 1531
78 1532
78 1533
78 1534
78 1535
78 1536
78 1537
78 1538
78 1539
78 1548
78 1552
78 1755
78 1781
78 1789
78 1795
78 1796
78 1803
78 1815
78 1819
78 1824
78 1826
78 1832
78 1836
78 1838
78 1839
78 1842
78 1857
78 1872
78 1874
78 1877
78 1880
78 1882
78 1991
78 2044
78 2114
78 2115
78 2118
78 2119
78 2141
78 2145
78 2215
78 2216
78 2217
78 2218
78 2219
78 2220
78 2222
78 2224
78 2286
79 187
80 187
81 193
82 225
82 227
83 232
83 249
83 323
83 404
84 239
84 454
84 476
84 580
84 680
84 847
84 860
84 1022
84 1119
84 1120
84 1121
84 1123
84 1124
84 1125
84 1126
84 1127
84 1128
84 1129
84 1130
84 1131
84 1132
84 1133
84 1134
84 1135
84 1136
84 1137
84 1138
84 1139
84 1140
84 1141
84 1142
84 1143
84 1144
84 1145
84 1149
84 1150
84 1151
84 1152
84 1153
84 1154
84 1155
84 1156
84 1157
84 1158
84 1159
84 1160
84 1161
84 1162
84 1172
84 1173
84 1205
84 1206
84 1207
84 1208
84 1209
84 1211
84 1213
84 1214
84 1216
84 1217
84 1218
84 1219
84 1220
84 1227
84 1307
84 1308
84 1309
84 1311
84 1312
84 1313
84 1430
84 1435
84 1436
84 1437
84 1438
84 1457
84 1458
84 1459
84 1460
84 1461
84 1464
84 1465
84 1687
85 253
85 278
85 429
86 267
87 283
87 1283
87 1451
87 1452
87 1454
87 1508
88 284
88 1270
88 1271
88 1280
88 1281
88 1283
88 1440
88 1901
89 284
90 295
90 438
91 305
92 318
93 328
93 1304
94 330
94 332
94 333
94 334
94 337
94 338
94 339
94 345
94 346
94 347
94 348
94 416
95 349
96 352
96 353
96 354
96 355
96 356
96 357
96 358
96 359
96 360
96 361
96 362
97 369
97 551
97 1520
97 1523
98 393
99 426
100 427
101 428
102 430
102 431
102 432
103 430
103 2601
104 431
104 432
104 1147
104 1148
105 438
106 438
107 439
108 451
109 452
110 453
111 455
112 456
113 457
114 462
115 465
116 476
116 680
116 1203
117 502
117 2333
118 503
118 2139
119 504
120 505
121 506
121 507
121 508
121 2443
121 2444
122 521
123 525
124 559
125 566
126 620
127 667
127 2659
127 2660
127 2661
127 2662
128 667
129 680
129 897
129 898
129 945
129 995
129 999
129 1041
129 1086
129 1095
129 1122
129 1605
130 680
130 2395
130 2524
130 2525
130 2718
131 853
131 1577
131 2201
131 2202
131 2207
131 2208
131 2274
131 2319
131 2320
132 944
132 946
133 973
133 2489
134 1066
135 1084
136 1146
136 2677
136 2678
137 1169
137 1413
137 1416
137 1710
137 2348
137 2349
137 2350
137 2397
137 2398
137 2399
137 2400
137 2401
137 2402
137 2403
138 1222
138 2378
138 2643
139 1298
140 1300
140 1448
141 1307
141 2258
142 1440
143 1441
144 1555
145 1556
145 1558
145 1577
145 1580
146 1560
146 1562
146 1565
146 1566
146 1567
146 1568
146 1569
146 1570
146 1571
146 1572
146 1985
146 2312
147 1582
148 1619
148 2696
149 1638
149 1639
149 2016
149 2183
149 2315
149 2316
149 2321
149 2322
149 2369
149 2370
149 2371
149 2372
150 1642
150 1643
151 1642
151 1643
151 2521
151 2522
151 2538
151 2539
151 2546
151 2549
151 2595
151 2596
151 2679
151 2680
152 1712
152 1713
152 1809
152 1843
152 1901
152 2182
152 2193
152 2195
152 2253
152 2293
152 2588
153 1712
153 2509
154 1774
155 1828
156 1875
157 1901
158 1914
159 2018
160 2088
161 2091
162 2155
163 2194
164 2199
165 2199
165 2251
165 2291
165 2311
165 2317
165 2318
165 2331
165 2337
165 2347
165 2392
165 2393
165 2422
165 2429
166 2205
166 2206
167 2225
168 2228
169 2254
170 2254
170 2784
171 2259
171 2260
172 2261
172 2262
172 2263
173 2264
173 2379
174 2278
175 2279
175 2280
176 2309
176 2310
177 2335
178 2336
178 2533
178 2541
178 2547
178 2548
179 2338
180 2342
181 2352
182 2354
183 2359
184 2367
185 2368
186 2373
187 2377
187 2394
188 2378
189 2427
189 2430
189 2446
189 2655
189 2656
189 2657
189 2664
190 2428
191 2430
192 2431
192 2461
192 2462
193 2435
193 2436
193 2439
194 2440
195 2441
195 2442
196 2458
196 2459
197 2458
197 2459
197 2515
197 2516
198 2458
198 2459
198 2517
198 2518
199 2463
200 2464
201 2465
202 2466
203 2467
204 2468
204 2494
205 2469
206 2470
207 2472
208 2473
209 2476
210 2477
211 2478
212 2483
212 2717
213 2486
214 2487
214 2488
215 2492
216 2495
217 2497
218 2498
219 2510
219 2663
220 2512
220 2514
221 2519
221 2520
222 2528
223 2544
224 2545
225 2551
226 2590
227 2591
227 2592
228 2597
228 2603
228 2604
228 2605
228 2606
228 2607
228 2608
228 2609
229 2600
230 2602
231 2611
231 2612
231 2613
231 2614
231 2615
231 2616
231 2617
231 2618
231 2619
231 2620
231 2621
231 2622
231 2623
231 2624
231 2625
231 2626
231 2627
231 2628
231 2629
231 2630
231 2631
231 2632
231 2633
231 2636
231 2637
231 2638
231 2639
231 2640
231 2641
231 2642
231 2643
231 2644
231 2645
231 2646
231 2647
231 2648
231 2652
231 2653
231 2654
232 2665
2 3 4 5 6 7 8 9 10 11 12 13 14 15 16 17 18 19 20 21 22 23 24 25 26 27 28 29 30 31 32 33 34 35 36 37 38 39 40 41 42 43 44 45 46 47 48 49 50 51 52 53 54 55 56 57 58 59 60 61 62 63 64 65 66 67 68 69 70 71 72 73 74 75 76 77 78 79 80 81 82 83 84 85 86 87 88 89 90 91 92 93 94 95 96 97 98 99 100 101 102 103 104 105 106 107 108 109 110 111 112 113 114 115 116 117 118 119 120 121 122 123 124 125 126 127 128 129 130 131 132 133 134 135 136 137 138 139 140 141 142 143 144 145 146 147 148 149 150 151 152 153 154 155 156 157 158 159 160 161 162 163 164 165 166 167 168 169 170 171 172 173 174 175 176 177 178 179 180 181 182 183 184 185 186 187 188 189 190 191 192 193 194 195 196 197 198 199 200 1 2 3 4 5 6 7 8 9 10 11 12 13 14 15 16 17 18 19 20 21 22 23 24 25 26 27 28 29 30 31 32 33 
2 3 4 5 6 7 8 9 10 11 12 13 14 15 16 17 18 19 20 21 22 23 24 25 26 27 28 29 30 31 32 33 34 35 36 37 38 39 40 41 42 43 44 45 46 47 48 49 50 51 52 53 54 55 56 57 58 59 60 61 62 63 64 65 66 67 68 69 70 71 72 73 74 75 76 77 78 79 80 81 82 83 84 85 86 87 88 89 90 91 92 93 94 95 96 97 98 99 100 101 102 103 104 105 106 107 108 109 110 111 112 113 114 115 116 117 118 119 120 121 122 123 124 125 126 127 128 129 130 131 132 133 134 135 136 137 138 139 140 141 142 143 144 145 146 147 148 149 150 151 152 153 154 155 156 157 158 159 160 161 162 163 164 165 166 167 168 169 170 171 172 173 174 175 176 177 178 179 180 181 182 183 184 185 186 187 188 189 190 191 192 193 194 195 196 197 198 199 200 1 2 3 4 5 6 7 8 9 10 11 12 13 14 15 16 17 18 19 20 21 22 23 24 25 26 27 28 29 30 31 32 33 34 35 36 37 38 39 40 41 42 43 44 45 46 47 48 49 50 51 52 53 54 55 56 57 58 59 60 61 62 63 64 65 66 67 68 69 70 71 72 73 74 75 76 77 78 79 80 81 82 83 84 85 86 87 88 89 90 91 92 93 94 95 96 97 98 99 100 101 102 103 104 105 106 107 108 109 110 111 112 113 114 115 116 117 118 119 120 121 122 123 124 125 126 127 128 129 130 131 132 133 134 135 136 137 138 139 140 141 142 143 144 145 146 147 148 149 150 151 152 153 154 155 156 157 158 159 160 161 162 163 164 165 166 167 168 169 170 171 172 173 174 175 176 177 178 179 180 181 182 183 184 185 186 187 188 189 190 191 192 193 194 195 196 197 198 199 200 1 2 3 4 5 6 7 8 9 10 11 12 13 14 15 16 17 18 19 20 21 22 23 24 25 26 27 28 29 30 31 32 33 34 35 36 37 38 39 40 41 42 43 44 45 46 47 48 49 50 51 52 53 54 55 56 57 58 59 60 61 62 63 64 65 66 67 68 69 70 71 72 73 74 75 76 77 78 79 80 81 82 83 84 85 86 87 88 89 90 91 92 93 94 95 96 97 98 99 100 101 102 103 104 105 106 107 108 109 110 111 112 113 114 115 116 117 118 119 120 121 122 123 124 125 126 127 128 129 130 131 132 133 134 135 136 137 138 139 140 141 142 143 144 145 146 147 148 149 150 151 152 153 154 155 156 157 158 159 160 161 162 163 164 165 166 167 168 169 170 171 172 173 174 175 176 177 178 179 180 181 182 183 184 185 186 187 188 189 190 191 192 193 194 195 196 197 198 199 200 1 2 3 4 5 6 7 8 9 10 11 12 13 14 15 16 17 18 19 20 21 22 23 24 25 26 27 28 29 30 31 32 33 34 35 36 37 38 39 40 41 42 43 44 45 46 47 48 49 50 51 52 53 54 55 56 57 58 59 60 61 62 63 64 65 66 67 68 69 70 71 72 73 74 75 76 77 78 79 80 81 82 83 84 85 86 87 88 89 90 91 92 93 94 95 96 97 98 99 100 101 102 103 104 105 106 107 108 109 110 111 112 113 114 115 116 117 118 119 120 121 122 123 124 125 126 127 128 129 130 131 132 133 134 135 136 137 138 139 140 141 142 143 144 145 146 147 148 149 150 151 152 153 154 155 156 157 158 159 160 161 162 163 164 165 166 167 168 169 170 171 172 173 174 175 176 177 178 179 180 181 182 183 184 185 186 187 188 189 190 191 192 193 194 195 196 197 198 199 200 1 2 3 4 5 6 7 8 9 10 11 12 13 14 15 16 17 18 19 20 21 22 23 24 25 26 27 28 29 30 31 32 33 34 35 36 37 38 39 40 41 42 43 44 45 46 47 48 49 50 51 52 53 54 55 56 57 58 59 60 61 62 63 64 65 66 67 68 69 70 71 72 73 74 75 76 77 78 79 80 81 82 83 84 85 86 87 88 89 90 91 92 93 94 95 96 97 98 99 100 101 102 103 104 105 106 107 108 109 110 111 112 113 114 115 116 117 118 119 120 121 122 123 124 125 126 127 128 129 130 131 132 133 134 135 136 137 138 139 140 141 142 143 144 145 146 147 148 149 150 151 152 153 154 155 156 157 158 159 160 161 162 163 164 165 166 167 168 169 170 171 172 173 174 175 176 177 178 179 180 181 182 183 184 185 186 187 188 189 190 191 192 193 194 195 196 197 198 199 200 1 2 3 4 5 6 7 8 9 10 11 12 13 14 15 16 17 18 19 20 21 22 23 24 25 26 27 28 29 30 31 32 33 34 35 36 37 38 39 40 41 42 43 44 45 46 47 48 49 50 51 52 53 54 55 56 57 58 59 60 61 62 63 64 65 66 67 68 69 70 71 72 73 74 75 76 77 78 79 80 81 82 83 84 85 86 87 88 89 90 91 92 93 94 95 96 97 98 99 100 101 102 103 104 105 106 107 108 109 110 111 112 113 114 115 116 117 118 119 120 121 122 123 124 125 126 127 128 129 130 131 132 133 134 135 136 137 138 139 140 141 142 143 144 145 146 147 148 149 150 151 152 153 154 155 156 157 158 159 160 161 162 163 164 165 166 167 168 169 170 171 172 173 174 175 176 177 178 179 180 181 182 183 184 185 186 187 188 189 190 191 192 193 194 195 196 197 198 199 200 1 2 3 4 5 6 7 8 9 10 11 12 13 14 15 16 17 18 19 20 21 22 23 24 25 26 27 28 29 30 31 32 33 34 35 36 37 38 39 40 41 42 43 44 45 46 47 48 49 50 51 52 53 54 55 56 57 58 59 60 61 62 63 64 65 66 67 68 69 70 71 72 73 74 75 76 77 78 79 80 81 82 83 84 85 86 87 88 89 90 91 92 93 94 95 96 97 98 99 100 101 102 103 104 105 106 107 108 109 110 111 112 113 114 115 116 117 118 119 120 121 122 123 124 125 126 127 128 129 130 131 132 133 134 135 136 137 138 139 140 141 142 143 144 145 146 147 148 149 150 151 152 153 154 155 156 157 158 159 160 161 162 163 164 165 166 167 168 169 170 171 172 173 174 175 176 177 178 179 180 181 182 183 184 185 186 187 188 189 190 191 192 193 194 195 196 197 198 199 200 1 2 3 4 5 6 7 8 9 10 11 12 13 14 15 16 17 18 19 20 21 22 23 24 25 26 27 28 29 30 31 32 33 34 35 36 37 38 39 40 41 42 43 44 45 46 47 48 49 50 51 52 53 54 55 56 57 58 59 60 61 62 63 64 65 66 67 68 69 70 71 72 73 74 75 76 77 78 79 80 81 82 83 84 85 86 87 88 89 90 91 92 93 94 95 96 97 98 99 100 101 102 103 104 105 106 107 108 109 110 111 112 113 114 115 116 117 118 119 120 121 122 123 124 125 126 127 128 129 130 131 132 133 134 135 136 137 138 139 140 141 142 143 144 145 146 147 148 149 150 151 152 153 154 155 156 157 158 159 160 161 162 163 164 165 166 167 168 169 170 171 172 173 174 175 176 177 178 179 180 181 182 183 184 185 186 187 188 189 190 191 192 193 194 195 196 197 198 199 200 1 2 3 4 5 6 7 8 9 10 11 12 13 14 15 16 17 18 19 20 21 22 23 24 25 26 27 28 29 30 31 32 33 34 35 36 37 38 39 40 41 42 43 44 45 46 47 48 49 50 51 52 53 54 55 56 57 58 59 60 61 62 63 64 65 66 67 68 69 70 71 72 73 74 75 76 77 78 79 80 81 82 83 84 85 86 87 88 89 90 91 92 93 94 95 96 97 98 99 100 101 102 103 104 105 106 107 108 109 110 111 112 113 114 115 116 117 118 119 120 121 122 123 124 125 126 127 128 129 130 131 132 133 134 135 136 137 138 139 140 141 142 143 144 145 146 147 148 149 150 151 152 153 154 155 156 157 158 159 160 161 162 163 164 165 166 167 168 169 170 171 172 173 174 175 176 177 178 179 180 181 182 183 184 185 186 187 188 189 190 191 192 193 194 195 196 197 198 199 200 1 2 3 4 5 6 7 8 9 10 11 12 13 14 15 16 17 18 19 20 21 22 23 24 25 26 27 28 29 30 31 32 33 34 35 36 37 38 39 40 41 42 43 44 45 46 47 48 49 50 51 52 53 54 55 56 57 58 59 60 61 62 63 64 65 66 67 68 69 70 71 72 73 74 75 76 77 78 79 80 81 82 83 84 85 86 87 88 89 90 91 92 93 94 95 96 97 98 99 100 101 102 103 104 105 106 107 108 109 110 111 112 113 114 115 116 117 118 119 120 121 122 123 124 125 126 127 128 129 130 131 132 133 134 135 136 137 138 139 140 141 142 143 144 145 146 147 148 149 150 151 152 153 154 155 156 157 158 159 160 161 162 163 164 165 166 167 168 169 170 171 172 173 174 175 176 177 178 179 180 181 182 183 184 185 186 187 188 189 190 191 192 193 194 195 196 197 198 199 200 1 2 3 4 5 6 7 8 9 10 11 12 13 14 15 16 17 18 19 20 21 22 23 24 25 26 27 28 29 30 31 32 33 34 35 36 37 38 39 40 41 42 43 44 45 46 47 48 49 50 51 52 53 54 55 56 57 58 59 60 61 62 63 64 65 66 67 68 69 70 71 72 73 74 75 76 77 78 79 80 81 82 83 84 85 86 87 88 89 90 91 92 93 94 95 96 97 98 99 100 101 102 103 104 105 106 107 108 109 110 111 112 113 114 115 116 117 118 119 120 121 122 123 124 125 126 127 128 129 130 131 132 133 134 135 136 137 138 139 140 141 142 143 144 145 146 147 148 149 150 151 152 153 154 155 156 157 158 159 160 161 162 163 164 165 166 167 168 169 170 171 172 173 174 175 176 177 178 179 180 181 182 183 184 185 186 187 188 189 190 191 192 193 194 195 196 197 198 199 200 1 2 3 4 5 6 7 8 9 10 11 12 13 14 15 16 17 18 19 20 21 22 23 24 25 26 27 28 29 30 31 32 33 34 35 36 37 38 39 40 41 42 43 44 45 46 47 48 49 50 51 52 53 54 55 56 57 58 59 60 61 62 63 64 65 66 67 68 69 70 71 72 73 74 75 76 77 78 79 80 81 82 83 84 85 86 87 88 89 90 91 92 93 94 95 96 97 98 99 100 101 102 103 104 105 106 107 108 109 110 111 112 113 114 115 116 117 118 119 120 121 122 123 124 125 126 127 128 129 130 131 132 133 134 135 136 137 138 139 140 141 142 143 144 145 146 147 148 149 150 151 152 153 154 155 156 157 158 159 160 161 162 163 164 165 166 167 168 169 170 171 172 173 174 175 176 177 178 179 180 181 182 183 184 185 186 187 188 189 190 191 192 193 194 195 196 197 198 199 200 1 2 3 4 5 6 7 8 9 10 11 12 13 14 15 16 17 18 19 20 21 22 23 24 25 26 27 28 29 30 31 32 33 34 35 36 37 38 39 40 41 42 43 44 45 46 47 48 49 50 51 52 53 54 55 56 57 58 59 60 61 62 63 64 65 66 67 68 69 70 71 72 73 74 75 76 77 78 79 80 81 82 83 84 85 86 87 88 89 90 91 92 93 94 95 96 97 98 99 100 101 102 103 104 105 106 107 108 109 110 111 112 113 114 115 116 117 118 119 120 121 122 123 124 125 126 127 128 129 130 131 132 133 134 135 136 137 138 139 140 141 142 143 144 145 146 147 148 149 150 151 152 153 154 155 156 157 158 159 160 161 162 163 164 165 166 167 168 169 170 171 172 173 174 175 176 177 178 179 180 181 182 183 184 185 186 187 188 189 190 191 192 193 194 195 196 197 198 199 200 1 2 3 4 5 6 7 8 9 10 11 12 13 14 15 16 17 18 19 20 21 22 23 24 25 26 27 28 29 30 31 32 33 34 35 36 37 38 39 40 41 42 43 44 45 46 47 48 49 50 51 52 53 54 55 56 57 58 59 60 61 62 63 64 65 66 67 68 69 70 71 72 73 74 75 76 77 78 79 80 81 82 83 84 85 86 87 88 89 90 91 92 93 94 95 96 97 98 99 100 101 102 103 104 105 106 107 108 109 110 111 112 113 114 115 116 117 118 119 120 121 122 123 124 125 126 127 128 129 130 131 132 133 134 135 136 137 138 139 140 141 142 143 144 145 146 147 148 149 150 151 152 153 154 155 156 157 158 159 160 161 162 163 164 165 166 167 168 169 170 171 172 173 174 175 176 177 178 179 180 181 182 183 184 185 
