258 5009 6465 1500
1 1
1 5
1 6
1 7
1 186
1 548
1 909
1 1131
1 1144
1 1160
1 1170
1 1186
1 1229
1 1239
1 1244
1 1661
1 1921
1 1929
1 1930
1 1931
1 1932
1 1933
1 1934
1 1935
1 1936
1 1937
1 2058
1 2059
1 2060
1 2062
1 2063
2 1
2 5
2 3504
3 1
3 2
3 6
3 7
3 8
3 9
3 10
3 11
3 12
3 13
3 14
3 15
3 16
3 17
3 18
3 19
3 20
3 21
3 22
3 23
3 24
3 25
3 26
3 27
3 28
3 29
3 30
3 31
3 32
3 33
3 34
3 35
3 36
3 37
3 38
3 39
3 40
3 41
3 42
3 43
3 44
3 45
3 46
3 47
3 48
3 49
3 50
3 51
3 52
3 53
3 54
3 55
3 56
3 57
3 58
3 59
3 60
3 61
3 62
3 63
3 64
3 65
3 66
3 67
3 68
3 69
3 70
3 71
3 72
3 73
3 74
3 75
3 76
3 77
3 78
3 79
3 80
3 81
3 82
3 83
3 84
3 85
3 86
3 87
3 88
3 89
3 90
3 91
3 92
3 93
3 94
3 95
3 96
3 97
3 98
3 99
3 100
3 101
3 102
3 103
3 104
3 105
3 106
3 107
3 108
3 109
3 110
3 111
3 112
3 113
3 114
3 115
3 116
3 117
3 118
3 119
3 120
3 121
3 122
3 123
3 124
3 125
3 126
3 127
3 128
3 129
3 130
3 131
3 132
3 133
3 134
3 135
3 136
3 137
3 139
3 144
3 145
3 146
3 147
3 148
3 149
3 150
3 151
3 152
3 153
3 154
3 155
3 156
3 157
3 158
3 159
3 160
3 161
3 162
3 163
3 164
3 165
3 166
3 167
3 168
3 169
3 170
3 171
3 172
3 173
3 174
3 175
3 176
3 177
3 178
3 179
3 180
3 181
3 182
3 183
3 184
3 185
3 186
3 187
3 189
3 190
3 191
3 192
3 193
3 194
3 195
3 196
3 197
3 198
3 199
3 200
3 201
3 208
3 209
3 210
3 211
3 234
3 235
3 236
3 250
3 251
3 253
3 254
3 255
3 256
3 257
3 274
3 275
3 276
3 277
3 283
3 284
3 285
3 287
3 288
3 289
3 290
3 291
3 292
3 293
3 294
3 295
3 296
3 297
3 298
3 299
3 300
3 301
3 302
3 303
3 304
3 305
3 306
3 307
3 308
3 309
3 310
3 311
3 312
3 313
3 314
3 315
3 316
3 317
3 318
3 319
3 320
3 321
3 322
3 323
3 324
3 325
3 332
3 333
3 338
3 339
3 342
3 346
3 347
3 348
3 349
3 350
3 351
3 353
3 357
3 358
3 360
3 362
3 367
3 368
3 369
3 370
3 371
3 372
3 373
3 380
3 384
3 385
3 386
3 387
3 388
3 389
3 390
3 391
3 392
3 393
3 394
3 395
3 396
3 397
3 398
3 399
3 400
3 401
3 402
3 403
3 404
3 405
3 406
3 407
3 408
3 409
3 410
3 411
3 412
3 413
3 414
3 415
3 416
3 417
3 418
3 419
3 420
3 421
3 422
3 423
3 424
3 425
3 426
3 427
3 428
3 429
3 430
3 431
3 432
3 433
3 434
3 435
3 436
3 437
3 438
3 439
3 440
3 441
3 442
3 443
3 444
3 445
3 446
3 447
3 448
3 449
3 450
3 451
3 452
3 453
3 454
3 455
3 456
3 457
3 458
3 459
3 460
3 461
3 462
3 463
3 464
3 465
3 466
3 467
3 468
3 469
3 470
3 471
3 472
3 473
3 474
3 475
3 476
3 477
3 478
3 479
3 480
3 481
3 482
3 483
3 484
3 485
3 486
3 487
3 488
3 489
3 490
3 491
3 492
3 493
3 494
3 495
3 496
3 497
3 498
3 499
3 500
3 501
3 502
3 503
3 504
3 505
3 506
3 507
3 508
3 509
3 510
3 511
3 512
3 513
3 514
3 515
3 516
3 517
3 518
3 519
3 520
3 521
3 522
3 523
3 524
3 525
3 526
3 527
3 528
3 529
3 530
3 531
3 532
3 533
3 534
3 535
3 536
3 537
3 538
3 539
3 540
3 541
3 542
3 543
3 544
3 545
3 546
3 547
3 548
3 549
3 550
3 551
3 552
3 553
3 554
3 555
3 556
3 557
3 558
3 559
3 560
3 561
3 562
3 563
3 564
3 565
3 566
3 567
3 568
3 569
3 570
3 571
3 572
3 573
3 574
3 575
3 576
3 577
3 578
3 579
3 580
3 581
3 582
3 583
3 584
3 585
3 586
3 588
3 589
3 590
3 591
3 592
3 593
3 594
3 595
3 596
3 597
3 598
3 599
3 600
3 601
3 602
3 603
3 604
3 605
3 606
3 607
3 608
3 609
3 610
3 611
3 612
3 613
3 614
3 615
3 616
3 617
3 618
3 619
3 620
3 621
3 622
3 623
3 624
3 625
3 626
3 627
3 628
3 629
3 630
3 631
3 632
3 633
3 634
3 635
3 636
3 637
3 638
3 639
3 640
3 641
3 642
3 643
3 644
3 645
3 646
3 647
3 648
3 649
3 650
3 651
3 652
3 653
3 654
3 655
3 656
3 657
3 658
3 659
3 660
3 661
3 662
3 663
3 664
3 665
3 666
3 667
3 668
3 669
3 670
3 671
3 672
3 673
3 674
3 675
3 676
3 677
3 678
3 679
3 680
3 681
3 682
3 683
3 684
3 685
3 686
3 687
3 688
3 689
3 690
3 691
3 692
3 693
3 694
3 695
3 696
3 697
3 698
3 699
3 700
3 701
3 702
3 703
3 704
3 705
3 706
3 707
3 708
3 709
3 710
3 711
3 712
3 713
3 714
3 715
3 716
3 717
3 718
3 719
3 720
3 721
3 722
3 723
3 724
3 725
3 726
3 727
3 728
3 729
3 730
3 731
3 732
3 733
3 734
3 735
3 736
3 737
3 738
3 739
3 740
3 741
3 742
3 743
3 744
3 745
3 746
3 747
3 748
3 749
3 750
3 751
3 752
3 753
3 754
3 755
3 756
3 757
3 758
3 759
3 760
3 761
3 762
3 763
3 764
3 765
3 766
3 767
3 768
3 769
3 770
3 771
3 772
3 773
3 774
3 775
3 776
3 777
3 778
3 779
3 780
3 781
3 782
3 783
3 784
3 785
3 786
3 787
3 788
3 789
3 790
3 791
3 792
3 793
3 794
3 795
3 796
3 797
3 802
3 803
3 804
3 809
3 810
3 825
3 847
3 848
3 851
3 852
3 853
3 854
3 855
3 856
3 857
3 858
3 859
3 860
3 861
3 862
3 863
3 864
3 865
3 866
3 867
3 868
3 869
3 870
3 871
3 872
3 873
3 874
3 875
3 876
3 877
3 878
3 879
3 880
3 881
3 882
3 883
3 884
3 885
3 886
3 887
3 888
3 889
3 890
3 891
3 892
3 893
3 894
3 895
3 901
3 902
3 903
3 904
3 905
3 906
3 907
3 908
3 909
3 910
3 911
3 913
3 914
3 915
3 916
3 917
3 918
3 919
3 920
3 921
3 922
3 924
3 928
3 929
3 940
3 941
3 942
3 949
3 950
3 951
3 952
3 953
3 954
3 955
3 956
3 957
3 958
3 959
3 960
3 961
3 962
3 963
3 964
3 965
3 966
3 967
3 968
3 969
3 970
3 971
3 972
3 973
3 974
3 975
3 976
3 977
3 978
3 979
3 980
3 981
3 982
3 983
3 984
3 985
3 986
3 987
3 988
3 989
3 990
3 991
3 992
3 993
3 994
3 995
3 996
3 997
3 998
3 999
3 1000
3 1001
3 1002
3 1003
3 1004
3 1005
3 1006
3 1007
3 1018
3 1020
3 1021
3 1032
3 1033
3 1034
3 1035
3 1036
3 1037
3 1044
3 1045
3 1046
3 1048
3 1049
3 1050
3 1056
3 1057
3 1058
3 1059
3 1060
3 1061
3 1062
3 1063
3 1064
3 1065
3 1066
3 1067
3 1068
3 1069
3 1070
3 1071
3 1072
3 1073
3 1074
3 1075
3 1076
3 1077
3 1078
3 1079
3 1080
3 1081
3 1082
3 1083
3 1084
3 1085
3 1086
3 1087
3 1088
3 1090
3 1091
3 1092
3 1093
3 1094
3 1095
3 1096
3 1097
3 1098
3 1099
3 1100
3 1101
3 1102
3 1103
3 1104
3 1105
3 1106
3 1107
3 1108
3 1109
3 1110
3 1111
3 1112
3 1113
3 1114
3 1115
3 1116
3 1117
3 1118
3 1119
3 1120
3 1121
3 1122
3 1123
3 1124
3 1125
3 1126
3 1127
3 1258
3 1259
3 1276
3 1277
3 1278
3 1279
3 1280
3 1299
3 1300
3 1301
3 1302
3 1303
3 1304
3 1313
3 1314
3 1318
3 1341
3 1344
3 1345
3 1346
3 1347
3 1348
3 1349
3 1350
3 1351
3 1352
3 1353
3 1354
3 1355
3 1357
3 1358
3 1359
3 1360
3 1361
3 1362
3 1363
3 1364
3 1365
3 1366
3 1367
3 1368
3 1369
3 1370
3 1371
3 1372
3 1373
3 1374
3 1375
3 1376
3 1377
3 1378
3 1379
3 1380
3 1381
3 1382
3 1383
3 1384
3 1385
3 1386
3 1387
3 1388
3 1389
3 1390
3 1391
3 1392
3 1393
3 1394
3 1395
3 1396
3 1397
3 1398
3 1399
3 1400
3 1401
3 1402
3 1403
3 1404
3 1405
3 1406
3 1407
3 1408
3 1409
3 1410
3 1411
3 1412
3 1413
3 1414
3 1415
3 1416
3 1417
3 1418
3 1419
3 1420
3 1421
3 1482
3 1483
3 1484
3 1485
3 1493
3 1494
3 1495
3 1496
3 1497
3 1498
3 1499
3 1683
3 1889
3 1890
3 1911
3 2052
3 2053
3 2054
3 2055
3 2056
3 2057
3 2163
3 2210
3 2213
3 2215
3 2217
3 2219
3 2233
3 2234
3 2235
3 2236
3 2237
3 2238
3 2239
3 2240
3 2241
3 2242
3 2243
3 2244
3 2245
3 2249
3 2253
3 2257
3 2258
3 2259
3 2260
3 2262
3 2276
3 2288
3 2296
3 2297
3 2299
3 2308
3 2309
3 2312
3 2314
3 2315
3 2318
3 2319
3 2320
3 2321
3 2324
3 2331
3 2332
3 2333
3 2370
3 2371
3 2372
3 2373
3 2374
3 2375
3 2376
3 2377
3 2378
3 2379
3 2380
3 2381
3 2382
3 2383
3 2384
3 2385
3 2386
3 2387
3 2388
3 2389
3 2390
3 2391
3 2392
3 2393
3 2394
3 2395
3 2396
3 2397
3 2398
3 2399
3 2400
3 2401
3 2402
3 2403
3 2404
3 2405
3 2406
3 2407
3 2408
3 2409
3 2410
3 2411
3 2412
3 2413
3 2414
3 2415
3 2416
3 2417
3 2418
3 2419
3 2420
3 2421
3 2422
3 2423
3 2424
3 2428
3 2429
3 2442
3 2449
3 2493
3 2498
3 2499
3 2500
3 2501
3 2502
3 2503
3 2504
3 2505
3 2506
3 2507
3 2508
3 2509
3 2510
3 2511
3 2512
3 2513
3 2514
3 2515
3 2516
3 2517
3 2518
3 2519
3 2520
3 2521
3 2522
3 2523
3 2524
3 2525
3 2526
3 2527
3 2528
3 2529
3 2530
3 2531
3 2532
3 2533
3 2534
3 2535
3 2536
3 2537
3 2538
3 2539
3 2540
3 2541
3 2542
3 2543
3 2544
3 2545
3 2546
3 2547
3 2548
3 2549
3 2550
3 2551
3 2552
3 2553
3 2554
3 2555
3 2556
3 2557
3 2558
3 2559
3 2560
3 2561
3 2562
3 2563
3 2564
3 2565
3 2566
3 2567
3 2568
3 2569
3 2570
3 2571
3 2572
3 2573
3 2574
3 2575
3 2576
3 2577
3 2578
3 2579
3 2580
3 2581
3 2582
3 2583
3 2584
3 2585
3 2586
3 2587
3 2588
3 2589
3 2590
3 2591
3 2592
3 2593
3 2594
3 2595
3 2596
3 2597
3 2598
3 2691
3 3514
3 3515
3 3516
3 3517
3 3518
3 3519
3 3520
3 3521
3 3522
3 3523
3 3524
3 3525
3 3526
3 3527
3 3528
3 3529
3 3530
3 3531
3 3533
3 3562
3 3563
3 3564
3 3565
3 3566
3 3567
3 3568
3 3569
3 3570
3 3571
3 3572
3 3573
3 3574
3 3575
3 3576
3 3577
3 3578
3 3579
4 1
4 5
4 7
4 20
4 21
4 22
4 33
4 34
4 46
4 155
4 160
4 172
4 174
4 175
4 186
4 187
4 188
4 197
4 199
4 200
4 201
4 202
4 203
4 204
4 205
4 206
4 207
4 208
4 209
4 210
4 211
4 212
4 213
4 214
4 215
4 216
4 217
4 218
4 219
4 220
4 221
4 222
4 223
4 224
4 225
4 226
4 227
4 228
4 229
4 230
4 231
4 232
4 233
4 234
4 235
4 237
4 238
4 239
4 240
4 241
4 242
4 243
4 244
4 245
4 246
4 247
4 248
4 249
4 258
4 259
4 260
4 261
4 262
4 263
4 264
4 265
4 266
4 267
4 268
4 269
4 270
4 271
4 272
4 273
4 278
4 279
4 280
4 281
4 282
4 283
4 284
4 285
4 287
4 288
4 289
4 290
4 291
4 292
4 293
4 294
4 295
4 296
4 297
4 298
4 299
4 300
4 301
4 307
4 308
4 309
4 310
4 311
4 312
4 313
4 314
4 315
4 316
4 317
4 318
4 319
4 320
4 321
4 322
4 323
4 324
4 325
4 326
4 327
4 328
4 329
4 330
4 331
4 332
4 333
4 334
4 335
4 336
4 337
4 338
4 339
4 340
4 341
4 343
4 344
4 345
4 352
4 354
4 355
4 356
4 358
4 359
4 360
4 361
4 362
4 363
4 364
4 365
4 366
4 367
4 368
4 369
4 374
4 375
4 376
4 377
4 378
4 379
4 381
4 382
4 383
4 430
4 485
4 548
4 575
4 581
4 587
4 678
4 798
4 799
4 800
4 801
4 805
4 806
4 807
4 808
4 812
4 813
4 814
4 815
4 816
4 817
4 818
4 819
4 820
4 821
4 822
4 823
4 824
4 826
4 827
4 828
4 829
4 830
4 831
4 832
4 833
4 834
4 835
4 836
4 837
4 838
4 839
4 840
4 841
4 842
4 843
4 844
4 845
4 846
4 847
4 848
4 849
4 850
4 851
4 852
4 853
4 856
4 862
4 863
4 896
4 897
4 898
4 899
4 900
4 901
4 902
4 906
4 907
4 908
4 911
4 912
4 913
4 914
4 915
4 916
4 917
4 918
4 919
4 920
4 921
4 922
4 923
4 924
4 925
4 926
4 927
4 928
4 929
4 930
4 931
4 932
4 933
4 934
4 935
4 936
4 937
4 938
4 939
4 942
4 943
4 944
4 945
4 946
4 947
4 948
4 954
4 967
4 974
4 1004
4 1008
4 1009
4 1010
4 1011
4 1012
4 1013
4 1014
4 1015
4 1016
4 1017
4 1018
4 1019
4 1020
4 1021
4 1022
4 1023
4 1024
4 1025
4 1026
4 1027
4 1028
4 1029
4 1030
4 1032
4 1039
4 1040
4 1041
4 1042
4 1043
4 1047
4 1053
4 1054
4 1055
4 1089
4 1128
4 1129
4 1130
4 1131
4 1132
4 1133
4 1134
4 1135
4 1136
4 1137
4 1138
4 1139
4 1140
4 1141
4 1142
4 1143
4 1144
4 1145
4 1146
4 1147
4 1148
4 1149
4 1150
4 1151
4 1152
4 1153
4 1154
4 1155
4 1156
4 1157
4 1158
4 1159
4 1160
4 1161
4 1162
4 1163
4 1164
4 1165
4 1166
4 1167
4 1168
4 1169
4 1170
4 1171
4 1172
4 1173
4 1174
4 1175
4 1176
4 1177
4 1178
4 1179
4 1180
4 1181
4 1182
4 1183
4 1184
4 1185
4 1186
4 1187
4 1188
4 1189
4 1190
4 1191
4 1192
4 1193
4 1194
4 1195
4 1196
4 1197
4 1198
4 1199
4 1200
4 1201
4 1202
4 1203
4 1204
4 1205
4 1206
4 1207
4 1208
4 1209
4 1210
4 1211
4 1212
4 1213
4 1214
4 1215
4 1216
4 1217
4 1218
4 1219
4 1220
4 1221
4 1222
4 1223
4 1224
4 1225
4 1226
4 1227
4 1228
4 1229
4 1230
4 1231
4 1232
4 1233
4 1234
4 1235
4 1236
4 1237
4 1238
4 1239
4 1240
4 1241
4 1242
4 1243
4 1244
4 1248
4 1249
4 1250
4 1251
4 1252
4 1253
4 1254
4 1255
4 1256
4 1257
4 1260
4 1261
4 1262
4 1263
4 1264
4 1265
4 1266
4 1267
4 1268
4 1269
4 1270
4 1271
4 1272
4 1273
4 1274
4 1275
4 1277
4 1282
4 1283
4 1284
4 1285
4 1286
4 1287
4 1288
4 1289
4 1290
4 1291
4 1292
4 1293
4 1295
4 1296
4 1297
4 1307
4 1308
4 1309
4 1310
4 1311
4 1312
4 1316
4 1341
4 1342
4 1343
4 1422
4 1423
4 1424
4 1425
4 1426
4 1427
4 1428
4 1429
4 1430
4 1431
4 1432
4 1433
4 1434
4 1435
4 1436
4 1437
4 1438
4 1439
4 1440
4 1441
4 1442
4 1443
4 1444
4 1445
4 1446
4 1447
4 1448
4 1449
4 1450
4 1451
4 1452
4 1453
4 1454
4 1455
4 1456
4 1457
4 1458
4 1459
4 1460
4 1461
4 1462
4 1463
4 1464
4 1465
4 1466
4 1467
4 1468
4 1469
4 1470
4 1471
4 1472
4 1473
4 1474
4 1475
4 1476
4 1477
4 1478
4 1479
4 1480
4 1481
4 1483
4 1486
4 1487
4 1488
4 1489
4 1490
4 1491
4 1492
4 1493
4 1497
4 1500
4 1501
4 1502
4 1503
4 1504
4 1505
4 1506
4 1507
4 1508
4 1509
4 1510
4 1511
4 1512
4 1513
4 1514
4 1515
4 1516
4 1517
4 1518
4 1519
4 1520
4 1521
4 1522
4 1527
4 1528
4 1529
4 1530
4 1531
4 1532
4 1533
4 1534
4 1535
4 1536
4 1537
4 1538
4 1539
4 1540
4 1541
4 1542
4 1543
4 1544
4 1545
4 1546
4 1547
4 1548
4 1549
4 1550
4 1551
4 1552
4 1553
4 1554
4 1555
4 1556
4 1557
4 1558
4 1559
4 1560
4 1561
4 1562
4 1563
4 1564
4 1565
4 1566
4 1567
4 1568
4 1569
4 1570
4 1571
4 1572
4 1573
4 1574
4 1575
4 1576
4 1577
4 1578
4 1579
4 1580
4 1581
4 1582
4 1583
4 1584
4 1585
4 1586
4 1587
4 1588
4 1589
4 1590
4 1591
4 1592
4 1593
4 1594
4 1595
4 1596
4 1597
4 1598
4 1599
4 1600
4 1601
4 1602
4 1603
4 1604
4 1605
4 1606
4 1607
4 1608
4 1609
4 1610
4 1611
4 1612
4 1613
4 1614
4 1615
4 1616
4 1617
4 1618
4 1619
4 1620
4 1621
4 1622
4 1623
4 1624
4 1625
4 1626
4 1627
4 1628
4 1629
4 1630
4 1631
4 1632
4 1633
4 1634
4 1635
4 1636
4 1637
4 1638
4 1639
4 1640
4 1641
4 1642
4 1643
4 1644
4 1645
4 1646
4 1647
4 1648
4 1649
4 1650
4 1651
4 1652
4 1653
4 1654
4 1655
4 1656
4 1657
4 1658
4 1659
4 1660
4 1661
4 1662
4 1663
4 1664
4 1665
4 1666
4 1667
4 1668
4 1669
4 1670
4 1671
4 1672
4 1673
4 1674
4 1675
4 1676
4 1677
4 1678
4 1679
4 1680
4 1681
4 1682
4 1683
4 1684
4 1685
4 1686
4 1687
4 1688
4 1689
4 1690
4 1691
4 1692
4 1693
4 1694
4 1695
4 1696
4 1697
4 1698
4 1699
4 1700
4 1701
4 1702
4 1703
4 1704
4 1705
4 1706
4 1707
4 1708
4 1709
4 1710
4 1711
4 1712
4 1713
4 1714
4 1715
4 1716
4 1717
4 1719
4 1720
4 1721
4 1722
4 1723
4 1724
4 1725
4 1726
4 1727
4 1728
4 1729
4 1730
4 1731
4 1732
4 1733
4 1734
4 1735
4 1736
4 1737
4 1738
4 1739
4 1740
4 1741
4 1742
4 1743
4 1744
4 1745
4 1746
4 1747
4 1748
4 1749
4 1750
4 1751
4 1752
4 1753
4 1754
4 1755
4 1756
4 1757
4 1759
4 1760
4 1761
4 1762
4 1763
4 1764
4 1765
4 1766
4 1767
4 1768
4 1769
4 1770
4 1771
4 1772
4 1773
4 1774
4 1775
4 1776
4 1777
4 1778
4 1779
4 1780
4 1781
4 1782
4 1783
4 1784
4 1785
4 1786
4 1787
4 1788
4 1789
4 1790
4 1791
4 1792
4 1793
4 1794
4 1795
4 1796
4 1797
4 1798
4 1799
4 1800
4 1801
4 1805
4 1806
4 1807
4 1808
4 1809
4 1810
4 1811
4 1812
4 1813
4 1814
4 1815
4 1817
4 1818
4 1819
4 1820
4 1821
4 1822
4 1823
4 1824
4 1825
4 1826
4 1827
4 1828
4 1829
4 1830
4 1831
4 1832
4 1833
4 1834
4 1835
4 1836
4 1837
4 1838
4 1839
4 1840
4 1841
4 1842
4 1843
4 1844
4 1845
4 1846
4 1847
4 1848
4 1849
4 1850
4 1851
4 1852
4 1853
4 1854
4 1855
4 1856
4 1857
4 1858
4 1859
4 1863
4 1864
4 1865
4 1866
4 1867
4 1868
4 1869
4 1870
4 1871
4 1872
4 1873
4 1874
4 1875
4 1876
4 1877
4 1878
4 1879
4 1880
4 1881
4 1882
4 1883
4 1884
4 1885
4 1886
4 1887
4 1888
4 1889
4 1890
4 1891
4 1892
4 1893
4 1894
4 1895
4 1896
4 1897
4 1898
4 1899
4 1900
4 1901
4 1902
4 1903
4 1904
4 1905
4 1906
4 1907
4 1908
4 1909
4 1910
4 1911
4 1912
4 1913
4 1914
4 1915
4 1916
4 1917
4 1918
4 1919
4 1920
4 1921
4 1922
4 1923
4 1924
4 1925
4 1926
4 1927
4 1928
4 1938
4 1939
4 1940
4 1941
4 1942
4 1949
4 1955
4 1957
4 1959
4 1960
4 1961
4 1962
4 1964
4 1965
4 1966
4 1967
4 1968
4 1969
4 1970
4 1971
4 1972
4 1973
4 1974
4 1975
4 1976
4 1977
4 1978
4 1979
4 1980
4 1981
4 1982
4 1983
4 1984
4 1985
4 1986
4 1987
4 1988
4 1989
4 1990
4 1991
4 1992
4 1993
4 1994
4 1995
4 1996
4 1997
4 1998
4 1999
4 2000
4 2001
4 2002
4 2003
4 2004
4 2005
4 2006
4 2007
4 2008
4 2009
4 2010
4 2011
4 2012
4 2013
4 2014
4 2015
4 2016
4 2017
4 2018
4 2019
4 2020
4 2021
4 2022
4 2023
4 2024
4 2025
4 2027
4 2028
4 2029
4 2030
4 2031
4 2032
4 2033
4 2034
4 2035
4 2036
4 2037
4 2038
4 2039
4 2040
4 2041
4 2042
4 2043
4 2044
4 2045
4 2046
4 2047
4 2048
4 2049
4 2050
4 2051
4 2064
4 2065
4 2066
4 2067
4 2068
4 2069
4 2070
4 2071
4 2072
4 2073
4 2075
4 2076
4 2077
4 2078
4 2079
4 2080
4 2081
4 2082
4 2083
4 2084
4 2085
4 2086
4 2087
4 2088
4 2089
4 2090
4 2091
4 2092
4 2093
4 2094
4 2095
4 2096
4 2097
4 2098
4 2099
4 2100
4 2101
4 2102
4 2103
4 2106
4 2107
4 2108
4 2109
4 2110
4 2111
4 2112
4 2113
4 2114
4 2115
4 2116
4 2117
4 2118
4 2119
4 2120
4 2121
4 2122
4 2123
4 2124
4 2136
4 2137
4 2138
4 2139
4 2140
4 2141
4 2142
4 2143
4 2144
4 2145
4 2146
4 2147
4 2148
4 2149
4 2150
4 2151
4 2152
4 2153
4 2154
4 2155
4 2156
4 2157
4 2158
4 2159
4 2160
4 2161
4 2162
4 2163
4 2164
4 2165
4 2166
4 2167
4 2168
4 2169
4 2170
4 2171
4 2172
4 2173
4 2174
4 2177
4 2178
4 2179
4 2180
4 2182
4 2183
4 2184
4 2185
4 2186
4 2187
4 2188
4 2189
4 2190
4 2191
4 2194
4 2196
4 2197
4 2204
4 2205
4 2206
4 2207
4 2208
4 2209
4 2211
4 2212
4 2213
4 2215
4 2220
4 2221
4 2222
4 2223
4 2224
4 2225
4 2226
4 2227
4 2228
4 2229
4 2230
4 2231
4 2232
4 2233
4 2246
4 2247
4 2248
4 2250
4 2251
4 2252
4 2254
4 2255
4 2256
4 2267
4 2271
4 2313
4 2316
4 2317
4 2322
4 2323
4 2324
4 2325
4 2326
4 2327
4 2328
4 2329
4 2330
4 2414
4 2425
4 2426
4 2430
4 2431
4 2432
4 2433
4 2434
4 2435
4 2436
4 2437
4 2438
4 2439
4 2440
4 2441
4 2442
4 2443
4 2444
4 2445
4 2446
4 2447
4 2448
4 2449
4 2450
4 2451
4 2452
4 2453
4 2454
4 2455
4 2456
4 2457
4 2458
4 2459
4 2460
4 2461
4 2462
4 2463
4 2464
4 2465
4 2466
4 2467
4 2468
4 2469
4 2470
4 2471
4 2472
4 2473
4 2474
4 2475
4 2476
4 2477
4 2478
4 2479
4 2480
4 2481
4 2482
4 2483
4 2484
4 2485
4 2486
4 2487
4 2488
4 2489
4 2490
4 2491
4 2492
4 2493
4 2496
4 2600
4 2601
4 2602
4 2603
4 2604
4 2605
4 2607
4 2608
4 2609
4 2610
4 2611
4 2612
4 2613
4 2614
4 2615
4 2616
4 2617
4 2618
4 2619
4 2620
4 2621
4 2622
4 2623
4 2624
4 2625
4 2626
4 2627
4 2628
4 2629
4 2630
4 2631
4 2632
4 2633
4 2634
4 2635
4 2636
4 2637
4 2638
4 2640
4 2641
4 2642
4 2643
4 2644
4 2645
4 2646
4 2647
4 2648
4 2649
4 2650
4 2651
4 2652
4 2653
4 2654
4 2655
4 2656
4 2657
4 2658
4 2659
4 2662
4 2663
4 2664
4 2665
4 2666
4 2667
4 2668
4 2669
4 2670
4 2671
4 2672
4 2673
4 2674
4 2675
4 2676
4 2677
4 2678
4 2679
4 2680
4 2681
4 2682
4 2683
4 2684
4 2685
4 2686
4 2687
4 2688
4 2690
4 2694
4 2695
4 2696
4 2697
4 2699
4 2700
4 2701
4 2702
4 2703
4 2704
4 2705
4 2706
4 2707
4 2708
4 2709
4 2710
4 2711
4 2712
4 2713
4 2714
4 2715
4 2716
4 2717
4 2718
4 2719
4 2720
4 2721
4 2722
4 2725
4 2726
4 2727
4 2728
4 2729
4 2734
4 2735
4 2736
4 2738
4 2739
4 2741
4 2742
4 2743
4 2744
4 2745
4 2746
4 2747
4 2748
4 2749
4 2751
4 2752
4 2753
4 2754
4 2755
4 2756
4 2757
4 2758
4 2759
4 2760
4 2761
4 2762
4 2763
4 2764
4 2765
4 2766
4 2767
4 2768
4 2770
4 2771
4 2772
4 2773
4 2774
4 2776
4 2777
4 2778
4 2780
4 2782
4 2783
4 2784
4 2785
4 2798
4 2807
4 2808
4 2809
4 2810
4 2813
4 2814
4 2816
4 2817
4 2819
4 2820
4 2821
4 2822
4 2824
4 2825
4 2826
4 2827
4 2828
4 2829
4 2830
4 2831
4 2832
4 2833
4 2834
4 2835
4 2836
4 2837
4 2839
4 2840
4 2841
4 2842
4 2844
4 2845
4 2846
4 2847
4 2850
4 2851
4 2852
4 2853
4 2854
4 2855
4 2856
4 2859
4 2860
4 2861
4 2862
4 2863
4 2866
4 2867
4 2871
4 2872
4 2873
4 2878
4 2879
4 2884
4 2892
4 2895
4 2898
4 2899
4 2910
4 2911
4 2913
4 2914
4 2924
4 2927
4 2929
4 2930
4 2931
4 2932
4 2933
4 2934
4 2936
4 2937
4 2938
4 2939
4 2940
4 2942
4 2943
4 2944
4 2945
4 2949
4 2950
4 2951
4 2953
4 2954
4 2956
4 2957
4 2958
4 2959
4 2960
4 2961
4 2962
4 2963
4 2965
4 2966
4 2967
4 2971
4 2972
4 2973
4 2974
4 2975
4 2976
4 2977
4 2978
4 2979
4 2980
4 2981
4 2982
4 2983
4 2984
4 2985
4 2986
4 2988
4 2989
4 2991
4 2996
4 2999
4 3003
4 3005
4 3007
4 3010
4 3013
4 3015
4 3016
4 3019
4 3022
4 3025
4 3027
4 3033
4 3037
4 3039
4 3041
4 3043
4 3045
4 3047
4 3049
4 3050
4 3051
4 3073
4 3074
4 3075
4 3076
4 3079
4 3080
4 3081
4 3083
4 3084
4 3085
4 3086
4 3087
4 3088
4 3089
4 3091
4 3092
4 3093
4 3094
4 3095
4 3096
4 3097
4 3099
4 3100
4 3101
4 3102
4 3103
4 3105
4 3106
4 3107
4 3108
4 3109
4 3111
4 3113
4 3114
4 3115
4 3117
4 3118
4 3119
4 3120
4 3121
4 3133
4 3145
4 3147
4 3148
4 3150
4 3151
4 3164
4 3165
4 3166
4 3170
4 3171
4 3172
4 3240
4 3249
4 3263
4 3264
4 3265
4 3275
4 3276
4 3278
4 3279
4 3280
4 3283
4 3284
4 3290
4 3294
4 3298
4 3299
4 3300
4 3303
4 3332
4 3334
4 3335
4 3339
4 3341
4 3342
4 3343
4 3344
4 3345
4 3347
4 3354
4 3355
4 3356
4 3359
4 3360
4 3361
4 3362
4 3364
4 3380
4 3381
4 3382
4 3384
4 3387
4 3391
4 3428
4 3429
4 3442
4 3445
4 3446
4 3447
4 3451
4 3458
4 3459
4 3460
4 3461
4 3462
4 3463
4 3465
4 3466
4 3467
4 3470
4 3471
4 3473
4 3474
4 3484
4 3485
4 3486
4 3491
4 3492
4 3497
4 3498
4 3500
4 3501
4 3502
4 3503
4 3505
4 3506
4 3508
4 3509
4 3510
4 3511
4 3534
4 3535
4 3538
4 3539
4 3540
4 3541
4 3543
4 3544
4 3545
4 3546
4 3547
4 3548
4 3549
4 3550
4 3553
4 3554
4 3555
4 3556
4 3557
4 3558
4 3559
4 3561
4 3580
4 3581
4 3582
4 3583
4 3584
4 3585
4 3586
4 3587
4 3588
4 3592
4 3594
4 3595
4 3596
4 3597
4 3598
4 3599
4 3600
4 3601
4 3602
4 3603
4 3604
4 3605
4 3608
4 3612
4 3613
4 3614
4 3615
4 3616
4 3617
4 3618
4 3620
4 3621
4 3622
4 3624
4 3625
4 3626
4 3627
4 3628
4 3629
4 3630
4 3631
4 3632
4 3633
4 3634
4 3635
4 3636
4 3637
4 3638
4 3639
4 3640
4 3641
4 3642
4 3644
4 3645
4 3646
4 3647
4 3648
4 3649
4 3650
4 3651
4 3652
4 3653
4 3654
4 3656
4 3657
4 3658
4 3659
4 3663
4 3664
4 3665
4 3666
4 3668
4 3669
4 3670
4 3671
4 3672
4 3673
4 3674
4 3675
4 3676
4 3677
4 3678
4 3679
4 3680
4 3682
4 3683
4 3684
4 3685
4 3686
4 3687
4 3688
4 3691
4 3692
4 3694
4 3695
4 3696
4 3697
4 3698
4 3699
4 3700
4 3702
4 3703
4 3705
4 3706
4 3708
4 3709
4 3712
4 3713
4 3714
4 3715
4 3716
4 3719
4 3723
4 3724
4 3731
4 3744
4 3752
4 3753
4 3754
4 3755
4 3757
4 3758
4 3759
4 3760
4 3761
4 3762
4 3763
4 3764
4 3765
4 3766
4 3768
4 3769
4 3770
4 3771
4 3772
4 3775
4 3776
4 3777
4 3779
4 3780
4 3781
4 3782
4 3786
4 3787
4 3788
4 3792
4 3793
4 3794
4 3795
4 3796
4 3797
4 3798
4 3799
4 3800
4 3803
4 3804
4 3805
4 3806
4 3807
4 3808
4 3810
4 3811
4 3812
4 3813
4 3814
4 3818
4 3819
4 3820
4 3822
4 3823
4 3824
4 3825
4 3826
4 3827
4 3828
4 3829
4 3833
4 3837
4 3838
4 3839
4 3840
4 3841
4 3842
4 3843
4 3844
4 3847
4 3868
4 3869
4 3870
4 3871
4 3872
4 3873
4 3874
4 3875
4 3876
4 3877
4 3878
4 3880
4 3881
4 3882
4 3883
4 3884
4 3885
4 3886
4 3887
4 3888
4 3889
4 3890
4 3891
4 3894
4 3895
4 3896
4 3898
4 3899
4 3900
4 3901
4 3902
4 3903
4 3904
4 3905
4 3906
4 3907
4 3911
4 3912
4 3913
4 3916
4 3918
4 3919
4 3920
4 3921
4 3922
4 3923
4 3927
4 3931
4 3932
4 3934
4 3935
4 3936
4 3938
4 3939
4 3941
4 3942
4 3943
4 3944
4 3945
4 3946
4 3947
4 3948
4 3949
4 3950
4 3951
4 3952
4 3953
4 3955
4 3956
4 3957
4 3958
4 3960
4 3961
4 3963
4 3964
4 3965
4 3970
4 3973
4 3979
4 3980
4 3981
4 3983
4 3984
4 3986
4 3989
4 3990
4 3991
4 3992
4 3993
4 3994
4 3995
4 3997
4 3998
4 3999
4 4000
4 4001
4 4003
4 4004
4 4005
4 4006
4 4007
4 4008
4 4009
4 4010
4 4011
4 4012
4 4016
4 4017
4 4022
4 4028
4 4037
4 4041
4 4045
4 4046
4 4047
4 4050
4 4052
4 4053
4 4055
4 4059
4 4060
4 4064
4 4070
4 4071
4 4072
4 4073
4 4074
4 4075
4 4076
4 4077
4 4078
4 4080
4 4081
4 4083
4 4086
4 4087
4 4088
4 4089
4 4090
4 4091
4 4092
4 4093
4 4096
4 4101
4 4102
4 4106
4 4107
4 4108
4 4109
4 4110
4 4113
4 4114
4 4115
4 4116
4 4123
4 4124
4 4125
4 4127
4 4128
4 4129
4 4130
4 4131
4 4132
4 4135
4 4136
4 4138
4 4141
4 4142
4 4143
4 4144
4 4147
4 4148
4 4150
4 4151
4 4152
4 4153
4 4154
4 4155
4 4156
4 4157
4 4158
4 4160
4 4163
4 4164
4 4168
4 4169
4 4170
4 4171
4 4175
4 4176
4 4183
4 4184
4 4185
4 4193
4 4194
4 4195
4 4196
4 4197
4 4200
4 4201
4 4202
4 4203
4 4204
4 4205
4 4206
4 4208
4 4209
4 4219
4 4220
4 4231
4 4232
4 4234
4 4236
4 4237
4 4238
4 4239
4 4240
4 4243
4 4244
4 4245
4 4246
4 4247
4 4248
4 4250
4 4251
4 4252
4 4253
4 4254
4 4255
4 4257
4 4258
4 4259
4 4260
4 4261
4 4262
4 4264
4 4265
4 4266
4 4267
4 4268
4 4269
4 4272
4 4273
4 4274
4 4275
4 4278
4 4284
4 4285
4 4288
4 4291
4 4292
4 4297
4 4298
4 4299
4 4300
4 4304
4 4305
4 4306
4 4307
4 4308
4 4309
4 4311
4 4312
4 4314
4 4315
4 4316
4 4317
4 4318
4 4319
4 4320
4 4323
4 4325
4 4326
4 4329
4 4330
4 4331
4 4332
4 4350
4 4353
4 4382
4 4403
4 4431
4 4436
4 4438
4 4439
4 4506
4 4507
4 4509
4 4511
4 4512
4 4514
4 4518
4 4523
4 4524
4 4529
4 4530
4 4532
4 4536
4 4537
4 4539
4 4546
4 4547
4 4548
4 4549
4 4550
4 4551
4 4552
4 4553
4 4554
4 4555
4 4556
4 4557
4 4560
4 4561
4 4563
4 4564
4 4565
4 4566
4 4570
4 4573
4 4574
4 4579
4 4580
4 4581
4 4582
4 4583
4 4584
4 4585
4 4588
4 4589
4 4590
4 4591
4 4592
4 4593
4 4594
4 4595
4 4601
4 4608
4 4609
4 4610
4 4613
4 4616
4 4617
4 4618
4 4620
4 4624
4 4625
4 4626
4 4627
4 4628
4 4629
4 4634
4 4635
4 4643
4 4644
4 4645
4 4646
4 4655
4 4656
4 4657
4 4659
4 4660
4 4661
4 4662
4 4663
4 4664
4 4680
4 4681
4 4682
4 4684
4 4685
4 4689
4 4696
4 4698
4 4699
4 4700
4 4701
4 4702
4 4704
4 4709
4 4710
4 4711
4 4712
4 4713
4 4715
4 4716
4 4717
4 4718
4 4719
4 4722
4 4723
4 4729
4 4734
4 4735
4 4743
4 4744
4 4745
4 4746
4 4747
4 4748
4 4749
4 4750
4 4751
4 4753
4 4754
4 4755
4 4756
4 4757
4 4758
4 4759
4 4760
4 4761
4 4762
4 4763
4 4764
4 4765
4 4766
4 4767
4 4768
4 4769
4 4770
4 4771
4 4775
4 4776
4 4777
4 4781
4 4782
4 4783
4 4788
4 4789
4 4790
4 4791
4 4792
4 4793
4 4794
4 4795
4 4796
4 4797
4 4798
4 4799
4 4800
4 4802
4 4803
4 4804
4 4805
4 4806
4 4807
4 4809
4 4810
4 4811
4 4812
4 4813
4 4814
4 4815
4 4816
4 4817
4 4818
4 4819
4 4820
4 4821
4 4828
4 4829
4 4830
4 4831
4 4832
4 4833
4 4834
4 4835
4 4836
4 4837
4 4838
4 4840
4 4841
4 4842
4 4843
4 4844
4 4845
4 4846
4 4847
4 4848
4 4849
4 4850
4 4851
4 4852
4 4853
4 4854
4 4855
4 4856
4 4857
4 4858
4 4859
4 4860
4 4861
4 4862
4 4863
4 4865
4 4866
4 4867
4 4868
4 4869
4 4872
4 4875
4 4876
4 4877
4 4878
4 4879
4 4880
4 4881
4 4882
4 4883
4 4884
4 4885
4 4886
4 4887
4 4888
4 4889
4 4890
4 4891
4 4892
4 4893
4 4894
4 4895
4 4896
4 4897
4 4898
4 4899
4 4900
4 4901
4 4902
4 4906
4 4907
4 4908
4 4909
4 4910
4 4911
4 4913
4 4914
4 4915
4 4916
4 4917
4 4918
4 4919
4 4920
4 4924
4 4926
4 4930
4 4931
4 4932
4 4933
4 4934
4 4935
4 4936
4 4937
4 4938
4 4939
4 4940
4 4941
4 4942
4 4943
4 4944
4 4945
4 4946
4 4947
4 4948
4 4949
4 4950
4 4951
4 4952
4 4953
4 4954
4 4955
4 4957
4 5003
4 5004
4 5006
4 5007
4 5008
4 5009
5 1
5 7
5 15
5 16
5 17
5 20
5 21
5 29
5 31
5 45
5 155
5 158
5 174
5 178
5 183
5 186
5 189
5 197
5 199
5 254
5 371
5 434
5 468
5 485
5 548
5 584
5 660
5 856
5 862
5 863
5 866
5 871
5 896
5 907
5 908
5 927
5 928
5 929
5 942
5 951
5 952
5 1006
5 1007
5 1040
5 1043
5 1049
5 1276
5 1277
5 1278
5 1280
5 1281
5 1300
5 1304
5 1305
5 1306
5 1315
5 1316
5 1318
5 1320
5 1328
5 1329
5 1330
5 1331
5 1333
5 1334
5 1335
5 1337
5 1339
5 1526
5 1962
5 2096
5 2125
5 2134
5 2163
5 2169
5 2185
5 2205
5 2213
5 2215
5 2233
5 2320
5 2323
5 2427
5 2626
5 2917
5 2922
5 2946
5 3019
5 3203
5 3241
5 3364
5 3393
5 3499
5 3514
5 3593
5 3723
5 3724
5 4084
5 4158
5 4328
5 4333
5 4334
5 4335
5 4336
5 4337
5 4338
5 4339
5 4340
5 4341
5 4342
5 4343
5 4344
5 4345
5 4346
5 4347
5 4348
5 4349
5 4350
5 4351
5 4354
5 4355
5 4356
5 4357
5 4358
5 4359
5 4360
5 4361
5 4362
5 4363
5 4364
5 4365
5 4366
5 4367
5 4368
5 4369
5 4370
5 4371
5 4372
5 4373
5 4374
5 4375
5 4376
5 4377
5 4378
5 4379
5 4380
5 4381
5 4383
5 4384
5 4385
5 4386
5 4387
5 4388
5 4389
5 4390
5 4391
5 4392
5 4393
5 4394
5 4395
5 4396
5 4397
5 4398
5 4399
5 4400
5 4401
5 4402
5 4404
5 4405
5 4406
5 4407
5 4408
5 4409
5 4410
5 4412
5 4413
5 4414
5 4415
5 4416
5 4417
5 4418
5 4419
5 4420
5 4421
5 4422
5 4423
5 4424
5 4425
5 4426
5 4427
5 4428
5 4429
5 4430
5 4432
5 4440
5 4441
5 4442
5 4443
5 4444
5 4445
5 4446
5 4447
5 4448
5 4449
5 4450
5 4451
5 4452
5 4453
5 4454
5 4455
5 4456
5 4457
5 4458
5 4459
5 4460
5 4461
5 4462
5 4463
5 4464
5 4465
5 4466
5 4467
5 4468
5 4469
5 4470
5 4471
5 4472
5 4473
5 4474
5 4475
5 4476
5 4477
5 4478
5 4479
5 4480
5 4481
5 4482
5 4483
5 4484
5 4485
5 4486
5 4487
5 4488
5 4489
5 4490
5 4491
5 4492
5 4495
5 4496
5 4497
5 4498
5 4499
5 4503
5 4504
5 4505
5 4513
5 4515
5 4516
5 4517
5 4525
5 4526
5 4527
5 4528
5 4531
5 4533
5 4534
5 4535
5 4538
5 4541
5 4543
5 4558
5 4571
5 4572
5 4587
5 4606
5 4609
5 4638
5 4647
5 4666
5 4667
5 4668
5 4669
5 4670
5 4671
5 4672
5 4673
5 4674
5 4683
5 4707
5 4730
5 4731
5 4732
5 4733
5 4752
6 2
6 3
6 4
7 2
7 5
8 2
8 31
8 183
8 871
8 890
8 929
8 963
8 1245
8 1640
8 1683
8 2077
8 2093
8 2320
8 2400
8 2900
8 2902
8 2903
8 2904
8 2905
8 2906
8 2907
8 3211
8 4126
8 4458
8 4474
8 4784
9 5
9 186
9 187
9 2493
9 2494
9 2495
9 2497
10 5
10 20
10 155
10 186
10 906
10 929
10 942
10 2900
10 2901
10 2902
10 2903
10 2904
10 2905
10 2906
10 2907
10 2908
10 2909
10 2911
10 2912
10 2980
10 2981
10 2982
10 2983
10 2984
10 2985
10 2986
10 2987
10 2988
10 2989
10 2990
10 2991
10 2992
10 2993
10 2994
10 2995
10 2996
10 2997
10 2998
10 2999
10 3000
10 3001
10 3002
10 3003
10 3004
10 3005
10 3006
10 3007
10 3008
10 3009
10 3010
10 3011
10 3012
10 3013
10 3014
10 3015
10 3016
10 3017
10 3018
10 3019
10 3020
10 3021
10 3022
10 3023
10 3024
10 3025
10 3026
10 3027
10 3028
10 3029
10 3030
10 3031
10 3032
10 3033
10 3034
10 3035
10 3036
10 3037
10 3038
10 3039
10 3040
10 3041
10 3042
10 3043
10 3044
10 3045
10 3046
10 3047
10 3048
10 3049
10 3052
10 3053
10 3054
10 3055
10 3056
10 3057
10 3058
10 3059
10 3060
10 3061
10 3062
10 3063
10 3064
10 3065
10 3066
10 3067
10 3068
10 3069
10 3070
10 3071
10 3072
10 3073
10 3074
10 3077
10 3078
11 5
11 2495
11 2496
11 2599
11 2731
11 2732
11 2733
12 7
12 45
12 2176
12 2730
12 2786
13 8
13 60
13 159
13 860
13 865
13 1301
13 3121
13 3196
13 3321
13 3364
13 4395
14 10
15 10
15 33
15 159
15 255
15 865
15 2864
15 2865
15 3316
16 10
17 10
17 156
17 157
17 255
17 2089
17 2887
17 3318
17 3333
17 3334
17 3336
17 3338
17 3340
18 13
18 14
18 187
18 286
18 550
18 551
18 553
18 554
18 559
18 562
18 563
18 564
18 566
18 567
18 570
18 571
18 959
18 966
18 1037
18 1090
18 1091
18 1093
18 1246
18 1247
18 1298
18 1299
18 1313
18 1314
18 1357
18 1359
18 1420
18 1421
18 1482
18 1484
18 1485
18 1495
18 1496
18 1497
18 1498
18 1559
18 1560
18 1561
18 1575
18 1616
18 1682
18 1796
18 1808
18 1809
18 1810
18 1812
18 1813
18 1814
18 1816
18 1862
18 1863
18 1981
18 2051
18 2059
18 2060
18 2070
18 2072
18 2123
18 2124
18 2167
18 2178
18 2180
18 2188
18 2189
18 2190
18 2191
18 2197
18 2208
18 2211
18 2225
18 2228
18 2324
18 2424
18 2449
18 2483
18 2498
18 2598
18 2600
18 2601
18 2604
18 2608
18 2610
18 2621
18 2623
18 2625
18 2645
18 2654
18 2655
18 2656
18 2709
18 2710
18 2716
18 2717
18 2728
18 2729
18 2735
18 2736
18 2741
18 2742
18 2744
18 2747
18 2749
18 2751
18 2752
18 2753
18 2754
18 2755
18 2757
18 2759
18 2760
18 2761
18 2762
18 2763
18 2765
18 2767
18 2771
18 2784
18 2785
18 2807
18 2808
18 2810
18 2819
18 2822
18 2828
18 2830
18 2831
18 2832
18 2834
18 2835
18 2841
18 2842
18 2845
18 2847
18 2850
18 2853
18 2861
18 2862
18 2871
18 2895
18 2898
18 2927
18 2929
18 2930
18 2932
18 2933
18 2936
18 2940
18 2943
18 2944
18 2957
18 2962
18 2963
18 2965
18 2967
18 2972
18 3075
18 3080
18 3081
18 3085
18 3094
18 3095
18 3096
18 3097
18 3101
18 3103
18 3107
18 3109
18 3115
18 3120
18 3151
18 3165
18 3171
18 3172
18 3222
18 3240
18 3249
18 3263
18 3265
18 3273
18 3290
18 3294
18 3300
18 3313
18 3328
18 3335
18 3345
18 3351
18 3354
18 3355
18 3356
18 3357
18 3361
18 3373
18 3383
18 3386
18 3387
18 3392
18 3446
18 3459
18 3460
18 3461
18 3471
18 3473
18 3492
18 3506
18 3533
18 3534
18 3535
18 3538
18 3540
18 3541
18 3543
18 3545
18 3546
18 3548
18 3549
18 3555
18 3556
18 3557
18 3580
18 3583
18 3597
18 3598
18 3600
18 3603
18 3604
18 3605
18 3611
18 3617
18 3618
18 3621
18 3622
18 3626
18 3640
18 3650
18 3652
18 3657
18 3665
18 3672
18 3674
18 3680
18 3683
18 3685
18 3688
18 3694
18 3705
18 3731
18 3752
18 3755
18 3759
18 3763
18 3765
18 3769
18 3770
18 3794
18 3807
18 3814
18 3820
18 3823
18 3825
18 3828
18 3829
18 3838
18 3844
18 3847
18 3876
18 3878
18 3881
18 3884
18 3887
18 3890
18 3891
18 3895
18 3896
18 3898
18 3899
18 3902
18 3907
18 3913
18 3916
18 3918
18 3939
18 3947
18 3950
18 3951
18 3952
18 3953
18 3956
18 3957
18 3958
18 3961
18 3965
18 3973
18 3981
18 3983
18 3984
18 3989
18 3994
18 3998
18 3999
18 4006
18 4011
18 4016
18 4029
18 4035
18 4037
18 4041
18 4042
18 4046
18 4093
18 4103
18 4107
18 4109
18 4129
18 4132
18 4136
18 4148
18 4150
18 4152
18 4153
18 4156
18 4201
18 4206
18 4219
18 4232
18 4234
18 4251
18 4255
18 4259
18 4312
18 4319
18 4332
18 4425
18 4431
18 4436
18 4443
18 4498
18 4523
18 4526
18 4533
18 4543
18 4549
18 4550
18 4553
18 4557
18 4563
18 4564
18 4565
18 4571
18 4582
18 4585
18 4595
18 4608
18 4627
18 4635
18 4649
18 4650
18 4651
18 4654
19 17
19 155
19 1758
20 17
20 27
20 39
20 155
20 159
20 160
20 161
20 186
20 197
20 199
20 548
20 856
20 901
20 906
20 908
20 914
20 916
20 919
20 928
20 967
20 974
20 1006
20 1049
20 1422
20 1632
20 1640
20 1800
20 1833
20 1889
20 1954
20 2056
20 2080
20 2089
20 2163
20 2215
20 2497
20 2577
20 2617
20 2699
20 2718
20 2719
20 2772
20 2780
20 2879
20 2887
20 2889
20 2890
20 2891
20 2980
20 3074
20 3121
20 3167
20 3168
20 3169
20 3170
20 3173
20 3174
20 3175
20 3176
20 3177
20 3178
20 3179
20 3180
20 3181
20 3182
20 3183
20 3184
20 3185
20 3186
20 3187
20 3188
20 3189
20 3190
20 3191
20 3192
20 3193
20 3194
20 3195
20 3196
20 3197
20 3198
20 3199
20 3200
20 3201
20 3202
20 3203
20 3204
20 3205
20 3206
20 3207
20 3208
20 3209
20 3210
20 3211
20 3212
20 3213
20 3214
20 3215
20 3216
20 3217
20 3218
20 3219
20 3220
20 3221
20 3222
20 3223
20 3224
20 3225
20 3226
20 3227
20 3228
20 3229
20 3230
20 3231
20 3232
20 3233
20 3234
20 3236
20 3237
20 3238
20 3239
20 3241
20 3242
20 3243
20 3244
20 3245
20 3246
20 3247
20 3248
20 3250
20 3251
20 3252
20 3253
20 3254
20 3255
20 3256
20 3257
20 3258
20 3259
20 3262
20 3266
20 3267
20 3268
20 3269
20 3270
20 3271
20 3272
20 3273
20 3274
20 3277
20 3281
20 3285
20 3286
20 3287
20 3288
20 3289
20 3291
20 3292
20 3293
20 3295
20 3301
20 3302
20 3304
20 3305
20 3306
20 3307
20 3308
20 3309
20 3310
20 3311
20 3312
20 3313
20 3314
20 3315
20 3316
20 3317
20 3318
20 3319
20 3320
20 3321
20 3322
20 3323
20 3324
20 3325
20 3326
20 3327
20 3328
20 3329
20 3330
20 3331
20 3334
20 3336
20 3337
20 3350
20 3351
20 3352
20 3353
20 3357
20 3358
20 3364
20 3365
20 3367
20 3368
20 3373
20 3383
20 3385
20 3386
20 3388
20 3389
20 3390
20 3392
20 3443
20 3464
20 3512
20 3513
20 3590
20 3707
20 4084
20 4085
20 4158
20 4159
20 4167
20 4271
20 4350
20 4609
20 4611
20 4612
20 4613
20 4784
20 4785
20 4786
20 4787
21 19
21 2078
22 20
22 21
22 155
22 186
22 187
22 197
22 235
22 540
22 856
22 1031
22 1276
22 1277
22 1278
22 1279
22 1280
22 1281
22 1301
22 1304
22 1305
22 1306
22 1315
22 1316
22 1317
22 1318
22 1319
22 1320
22 1321
22 1322
22 1323
22 1324
22 1325
22 1326
22 1327
22 1328
22 1329
22 1330
22 1331
22 1332
22 1333
22 1334
22 1335
22 1336
22 1337
22 1338
22 1339
22 1340
22 1356
22 1497
22 1523
22 1524
22 1525
22 1526
22 1718
22 1801
22 1803
22 1804
22 1943
22 1954
22 2125
22 2126
22 2192
22 2220
22 2427
22 4412
23 25
23 186
23 906
23 2879
23 3121
23 3122
23 3123
23 3124
23 3125
23 3126
23 3127
23 3128
23 3129
23 3130
23 3131
23 3132
23 3134
23 3135
23 3136
23 3137
23 3138
23 3139
23 3140
23 3141
23 3142
23 3143
23 3144
23 3146
23 3149
23 3364
23 3366
23 3369
23 3370
23 3371
23 3372
23 3374
23 3375
23 3376
23 3377
23 3378
23 3379
23 3393
23 3394
23 3395
23 3396
23 3397
23 3398
23 3399
23 3400
23 3401
23 3402
23 3403
23 3404
23 3405
23 3406
23 3407
23 3408
23 3409
23 3410
23 3411
23 3412
23 3413
23 3414
23 3415
23 3416
23 3417
23 3418
23 3419
23 3420
23 3421
23 3422
23 3423
23 3424
23 3425
23 3426
23 3427
23 3430
23 3431
23 3432
23 3433
23 3434
23 3435
23 3436
23 3437
23 3438
23 3439
23 3440
23 3441
24 25
25 29
25 138
25 139
25 140
25 141
25 142
25 143
25 187
25 192
25 951
25 1007
25 1049
25 1050
26 34
27 34
28 34
28 3704
29 34
30 44
30 186
30 192
30 909
30 2320
30 3116
30 3745
30 3746
30 3748
30 3749
30 4609
31 44
32 45
33 46
34 46
35 46
36 60
36 2089
36 3316
37 154
38 155
38 186
38 197
38 286
38 954
38 2926
39 155
39 160
39 174
39 181
39 183
39 185
39 906
39 2179
39 2181
39 2185
39 2198
39 2199
39 2200
39 2201
39 2202
39 2203
39 2205
40 155
40 186
40 2768
40 2769
40 2770
40 2772
40 2774
40 2775
40 2779
40 2780
40 3831
40 3832
41 155
41 3098
42 155
42 4111
42 4122
43 155
44 155
44 186
45 155
45 4158
45 4350
46 155
46 3801
47 155
48 155
49 155
50 155
50 186
50 187
50 550
50 551
50 554
50 559
50 562
50 563
50 564
50 566
50 567
50 570
50 571
50 959
50 966
50 1037
50 1090
50 1091
50 1093
50 1246
50 1247
50 1298
50 1299
50 1313
50 1314
50 1357
50 1359
50 1420
50 1421
50 1482
50 1484
50 1485
50 1495
50 1496
50 1497
50 1498
50 1559
50 1560
50 1561
50 1575
50 1616
50 1682
50 1796
50 1808
50 1809
50 1810
50 1812
50 1813
50 1814
50 1816
50 1863
50 1981
50 2051
50 2059
50 2060
50 2070
50 2072
50 2123
50 2124
50 2167
50 2178
50 2180
50 2188
50 2189
50 2190
50 2191
50 2197
50 2208
50 2211
50 2225
50 2228
50 2324
50 2424
50 2449
50 2483
50 2498
50 2598
50 2600
50 2601
50 2604
50 2608
50 2610
50 2621
50 2623
50 2625
50 2645
50 2654
50 2655
50 2656
50 2709
50 2710
50 2716
50 2717
50 2728
50 2729
50 2735
50 2736
50 2741
50 2742
50 2744
50 2747
50 2749
50 2751
50 2752
50 2753
50 2754
50 2755
50 2757
50 2759
50 2760
50 2761
50 2762
50 2763
50 2765
50 2767
50 2771
50 2784
50 2785
50 2807
50 2808
50 2810
50 2819
50 2822
50 2828
50 2830
50 2831
50 2832
50 2834
50 2835
50 2841
50 2842
50 2845
50 2847
50 2850
50 2853
50 2861
50 2862
50 2871
50 2895
50 2898
50 2927
50 2929
50 2930
50 2932
50 2933
50 2936
50 2940
50 2943
50 2944
50 2957
50 2962
50 2963
50 2965
50 2967
50 2972
50 3075
50 3080
50 3081
50 3085
50 3094
50 3095
50 3096
50 3097
50 3101
50 3103
50 3107
50 3109
50 3115
50 3120
50 3151
50 3165
50 3171
50 3172
50 3222
50 3240
50 3249
50 3263
50 3265
50 3273
50 3290
50 3294
50 3300
50 3313
50 3328
50 3335
50 3345
50 3351
50 3354
50 3355
50 3356
50 3357
50 3361
50 3373
50 3383
50 3386
50 3387
50 3392
50 3446
50 3459
50 3460
50 3461
50 3471
50 3473
50 3492
50 3506
50 3533
50 3534
50 3535
50 3538
50 3540
50 3541
50 3543
50 3545
50 3546
50 3548
50 3549
50 3555
50 3556
50 3557
50 3580
50 3583
50 3597
50 3598
50 3600
50 3603
50 3604
50 3605
50 3611
50 3617
50 3618
50 3621
50 3622
50 3626
50 3640
50 3650
50 3652
50 3657
50 3665
50 3672
50 3674
50 3680
50 3683
50 3685
50 3688
50 3694
50 3705
50 3731
50 3752
50 3755
50 3759
50 3763
50 3765
50 3769
50 3770
50 3794
50 3807
50 3814
50 3820
50 3823
50 3825
50 3828
50 3829
50 3838
50 3844
50 3847
50 3876
50 3878
50 3881
50 3884
50 3887
50 3890
50 3891
50 3895
50 3896
50 3898
50 3899
50 3902
50 3907
50 3913
50 3916
50 3918
50 3939
50 3947
50 3950
50 3951
50 3952
50 3953
50 3956
50 3957
50 3958
50 3961
50 3965
50 3973
50 3981
50 3983
50 3984
50 3989
50 3994
50 3998
50 3999
50 4006
50 4011
50 4016
50 4029
50 4035
50 4037
50 4041
50 4042
50 4046
50 4093
50 4103
50 4107
50 4109
50 4129
50 4132
50 4136
50 4148
50 4150
50 4152
50 4153
50 4156
50 4201
50 4206
50 4219
50 4232
50 4234
50 4251
50 4255
50 4259
50 4312
50 4319
50 4332
50 4425
50 4431
50 4436
50 4443
50 4498
50 4521
50 4522
50 4523
50 4526
50 4533
50 4540
50 4543
50 4549
50 4550
50 4553
50 4557
50 4563
50 4564
50 4565
50 4571
50 4582
50 4585
50 4595
50 4608
50 4627
50 4635
50 4649
50 4650
50 4651
50 4652
50 4653
50 4654
50 4658
51 155
52 155
53 160
54 160
55 172
55 2922
55 2923
55 2925
56 174
56 967
56 974
57 175
58 183
58 185
58 2195
58 4328
59 186
59 1862
60 186
60 2074
61 186
61 2213
61 2214
61 2215
61 2216
61 2217
61 2218
61 2219
61 2261
61 2262
61 2263
61 2264
61 2265
61 2266
61 2268
61 2269
61 2270
61 2272
61 2273
61 2274
61 2275
61 2276
61 2277
61 2278
61 2279
61 2280
61 2281
61 2282
61 2283
61 2284
61 2285
61 2286
61 2287
61 2288
61 2289
61 2290
61 2291
61 2292
61 2293
61 2294
61 2295
61 2296
61 2297
61 2298
61 2299
61 2300
61 2301
61 2302
61 2303
61 2304
61 2305
61 2306
61 2307
61 2308
61 2309
61 2310
61 2311
61 2312
61 2314
61 2334
61 2335
61 2336
61 2337
61 2338
61 2339
61 2340
61 2341
61 2342
61 2343
61 2344
61 2345
61 2346
61 2347
61 2348
61 2349
61 2350
61 2351
61 2352
61 2353
61 2354
61 2355
61 2356
61 2357
61 2358
61 2359
61 2360
61 2361
61 2362
61 2363
61 2364
61 2365
61 2366
61 2367
61 2368
61 2369
62 186
62 2879
62 2880
62 2881
62 2882
62 2883
62 2884
62 2885
62 2886
62 2887
62 2888
62 2889
62 2890
62 2891
62 2893
62 2894
62 2896
62 2897
62 2914
62 2915
62 2916
62 2917
62 2918
62 2919
62 2920
62 2921
63 186
64 186
64 3110
65 186
65 3112
66 186
66 2193
66 2194
66 2750
67 186
67 2104
68 186
68 187
68 868
68 954
68 3725
68 3930
69 186
69 1047
69 1276
69 2879
69 3137
69 3139
69 3969
69 3970
69 4013
69 4021
70 186
70 2061
70 2062
70 4414
70 4679
71 197
71 252
72 384
72 430
72 475
72 2384
72 3560
73 384
74 430
74 2384
74 2423
75 493
76 558
76 2692
76 2693
77 643
78 678
78 1038
79 686
79 2941
80 811
81 845
82 853
82 2699
82 3241
82 3858
82 3964
82 3966
82 3967
82 3972
82 3974
82 3977
82 3985
82 3987
82 3988
82 3991
82 4002
82 4020
82 4026
82 4027
82 4029
82 4031
82 4032
82 4033
82 4035
82 4036
82 4038
82 4040
82 4042
82 4044
82 4049
82 4054
82 4061
82 4062
82 4063
82 4082
82 4094
82 4103
82 4105
82 4117
82 4158
82 4321
82 4350
82 4609
83 863
83 906
83 1941
83 1944
83 1945
83 1946
83 1947
83 1948
83 1949
83 1950
83 1951
83 1952
83 1953
83 2127
83 2128
83 2129
83 2130
83 2131
83 2132
83 2133
83 2134
83 2135
84 871
85 906
85 1962
85 1963
86 906
87 907
87 2986
87 2989
87 2991
87 2996
88 928
88 2781
89 974
90 1004
90 4126
91 1089
91 1832
91 1833
91 3074
91 3346
91 3347
91 3348
92 1089
92 2989
93 1126
93 1294
94 1259
94 2136
94 2723
94 2724
95 1276
96 1316
97 1344
98 1496
98 4139
98 4604
98 4605
98 4923
99 1683
100 1802
101 1802
101 2058
101 2605
101 2740
101 2750
101 2787
101 2788
101 2792
101 2793
101 2799
101 2800
101 2801
101 2802
101 2811
101 2815
101 2818
101 2838
101 2843
101 2848
101 2849
101 2858
101 2868
101 2869
101 2870
101 2874
101 2875
101 2876
101 2877
101 2964
101 2968
101 2969
101 2970
101 3152
101 3153
101 3154
101 3155
101 3156
101 3157
101 3158
101 3159
101 3160
101 3161
101 3162
101 3163
101 3260
101 3261
101 3349
101 3448
101 3449
101 3450
101 3451
101 3452
101 3453
101 3454
101 3455
101 3456
101 3457
101 3468
101 3469
101 3476
101 3477
101 3478
101 3479
101 3480
101 3481
101 3482
101 3493
101 3494
101 3536
101 3537
101 3551
101 3552
101 3606
101 3607
101 3609
101 3619
101 3623
101 3643
101 3660
101 3661
101 3662
101 3667
101 3681
101 3734
101 3735
101 3736
101 3742
101 3773
101 3790
101 3791
101 3821
101 3853
101 3854
101 3855
101 3856
101 3857
101 3860
101 3861
101 3862
101 3864
101 3865
101 3866
101 3867
101 3893
101 3914
101 3915
101 3954
101 3959
101 3962
101 3968
101 3971
101 3975
101 3976
101 3982
101 3996
101 4023
101 4024
101 4025
101 4030
101 4034
101 4043
101 4048
101 4056
101 4058
101 4067
101 4068
101 4069
101 4118
101 4119
101 4120
101 4139
101 4140
101 4145
101 4146
101 4177
101 4178
101 4179
101 4180
101 4181
101 4233
101 4235
101 4241
101 4242
101 4256
101 4276
101 4277
101 4279
101 4280
101 4281
101 4282
101 4283
101 4286
101 4287
101 4289
101 4290
101 4293
101 4294
101 4295
101 4296
101 4301
101 4302
101 4303
101 4433
101 4434
101 4435
101 4500
101 4501
101 4562
101 4567
101 4568
101 4569
101 4575
101 4576
101 4602
101 4603
101 4607
101 4621
101 4622
101 4623
101 4632
101 4633
101 4636
101 4637
101 4641
101 4642
101 4648
102 1830
102 1831
102 1833
102 1834
103 1860
103 1861
104 1896
104 3082
105 1956
106 1958
106 1959
107 2096
107 4051
107 4350
107 4623
107 4633
107 4639
107 4640
108 2096
109 2096
110 2096
111 2105
111 2106
112 2175
113 2213
113 4161
113 4162
113 4163
113 4165
113 4166
113 4182
113 4186
113 4187
113 4188
113 4189
113 4190
113 4191
113 4210
113 4211
113 4212
113 4213
113 4214
113 4215
113 4216
113 4217
113 4218
113 4221
113 4222
113 4223
113 4224
113 4225
113 4226
113 4227
113 4228
113 4229
113 4230
114 2315
115 2320
115 3709
115 3756
116 2320
116 3211
116 4519
117 2384
117 2423
118 2400
118 3746
119 2414
120 2450
121 2493
121 2494
121 2946
121 3783
121 3784
121 3785
121 3804
122 2493
122 2494
122 2495
122 2496
122 2599
122 2733
122 2768
122 3224
122 3277
122 4575
122 4576
122 4642
123 2606
123 2607
124 2639
125 2642
126 2660
127 2661
128 2689
129 2697
129 2698
130 2699
131 2719
131 2984
132 2723
133 2737
133 2738
134 2740
135 2780
135 3817
136 2789
136 2790
136 2791
136 2794
136 2795
136 2796
136 2797
136 2803
136 2804
136 2805
136 2806
136 2857
137 2812
138 2823
139 2887
140 2894
141 2928
142 2934
142 2935
143 2946
143 2947
143 2948
144 2946
144 4714
145 2946
145 4728
146 2952
147 2955
148 2980
149 2980
150 2980
151 3090
152 3104
152 3105
153 3148
153 4351
153 4686
153 4687
153 4688
153 4690
153 4691
153 4692
153 4693
153 4694
153 4695
153 4697
153 4703
153 4774
153 4801
154 3235
155 3282
155 3933
156 3296
157 3297
158 3363
159 3411
160 3428
160 3718
160 3720
160 3721
160 3722
160 3723
160 3724
160 3725
160 3726
160 3727
160 3737
160 3738
160 3739
160 3740
160 3741
160 3743
160 3747
160 3750
160 3751
161 3444
162 3451
163 3451
163 3489
163 3490
163 4303
163 4602
163 4603
163 4630
163 4631
163 4641
163 4664
163 4705
163 4706
163 4772
163 4773
163 4870
163 4871
163 4925
164 3457
164 3480
164 3710
164 3711
164 3732
164 3733
164 3859
164 3928
164 3929
165 3472
165 3475
165 3480
165 3483
166 3487
166 3488
166 3589
166 3660
166 3924
166 3937
166 3940
166 4097
166 4098
166 4099
166 4100
167 3489
167 3490
168 3495
168 3496
168 3507
168 3532
168 3542
168 3560
168 3655
168 3690
168 3693
168 3830
168 3897
168 4665
169 3495
169 4559
170 3499
170 4095
170 4822
170 4823
170 4824
170 4825
171 3560
172 3591
173 3606
174 3610
174 3611
174 4158
175 3619
175 3678
175 3835
175 3836
176 3689
177 3701
178 3701
178 3815
178 3892
178 3908
178 3925
178 3926
178 3978
178 4018
178 4039
178 4133
178 4134
178 4149
178 4174
178 4199
179 3717
180 3728
181 3729
181 3730
182 3746
183 3748
184 3767
185 3774
185 3775
186 3778
187 3789
188 3802
189 3809
190 3816
191 3834
192 3834
192 4960
193 3845
193 3846
194 3848
194 3850
194 3851
195 3849
196 3852
196 4104
197 3863
198 3864
199 3909
199 3910
200 3917
201 3917
201 3919
201 4873
201 4874
202 4014
202 4015
203 4019
204 4047
204 4048
205 4057
206 4064
206 4065
207 4065
207 4066
208 4079
209 4112
210 4121
210 4137
211 4172
211 4173
212 4181
212 4207
212 4277
212 4778
212 4779
212 4780
212 4826
213 4192
214 4198
215 4207
216 4233
216 4292
216 4302
217 4249
218 4256
219 4263
219 4270
220 4271
221 4295
221 4296
222 4295
222 4296
222 4575
222 4576
223 4295
223 4296
223 4577
223 4578
224 4310
225 4313
226 4322
227 4324
227 4508
228 4327
229 4350
229 4352
230 4350
231 4411
232 4433
232 4922
233 4437
234 4493
234 4494
235 4502
236 4510
237 4520
238 4542
239 4544
239 4545
240 4567
240 4569
241 4586
242 4596
242 4597
242 4598
242 4599
242 4600
242 4675
242 4676
242 4677
242 4678
242 4827
243 4597
244 4614
245 4615
246 4619
247 4649
247 4808
248 4668
248 5002
249 4708
249 4736
249 4737
249 4738
249 4739
249 4740
249 4741
249 4742
250 4720
251 4721
252 4724
252 4725
252 4726
252 4727
252 4958
252 4959
252 4961
252 4962
252 4963
252 4964
252 4965
252 4966
252 4967
252 4968
252 4969
252 4970
252 4971
252 4972
252 4973
252 4974
252 4975
252 4976
252 4977
252 4978
252 4979
252 4980
252 4981
252 4982
252 4983
252 4984
252 4985
252 4986
252 4987
252 4988
252 4989
252 4990
252 4991
252 4992
252 4993
252 4994
252 4995
252 4996
252 4997
252 4998
252 4999
252 5000
252 5001
252 5005
253 4839
254 4903
254 4904
254 4905
255 4921
256 4921
256 4956
257 4927
257 4928
258 4929
2 3 4 5 6 7 8 9 10 11 12 13 14 15 16 17 18 19 20 21 22 23 24 25 26 27 28 29 30 31 32 33 34 35 36 37 38 39 40 41 42 43 44 45 46 47 48 49 50 51 52 53 54 55 56 57 58 59 60 61 62 63 64 65 66 67 68 69 70 71 72 73 74 75 76 77 78 79 80 81 82 83 84 85 86 87 88 89 90 91 92 93 94 95 96 97 98 99 100 101 102 103 104 105 106 107 108 109 110 111 112 113 114 115 116 117 118 119 120 121 122 123 124 125 126 127 128 129 130 131 132 133 134 135 136 137 138 139 140 141 142 143 144 145 146 147 148 149 150 151 152 153 154 155 156 157 158 159 160 161 162 163 164 165 166 167 168 169 170 171 172 173 174 175 176 177 178 179 180 181 182 183 184 185 186 187 188 189 190 191 192 193 194 195 196 197 198 199 200 1 2 3 4 5 6 7 8 9 10 11 12 13 14 15 16 17 18 19 20 21 22 23 24 25 26 27 28 29 30 31 32 33 34 35 36 37 38 39 40 41 42 43 44 45 46 47 48 49 50 51 52 53 54 55 56 57 58 59 
2 3 4 5 6 7 8 9 10 11 12 13 14 15 16 17 18 19 20 21 22 23 24 25 26 27 28 29 30 31 32 33 34 35 36 37 38 39 40 41 42 43 44 45 46 47 48 49 50 51 52 53 54 55 56 57 58 59 60 61 62 63 64 65 66 67 68 69 70 71 72 73 74 75 76 77 78 79 80 81 82 83 84 85 86 87 88 89 90 91 92 93 94 95 96 97 98 99 100 101 102 103 104 105 106 107 108 109 110 111 112 113 114 115 116 117 118 119 120 121 122 123 124 125 126 127 128 129 130 131 132 133 134 135 136 137 138 139 140 141 142 143 144 145 146 147 148 149 150 151 152 153 154 155 156 157 158 159 160 161 162 163 164 165 166 167 168 169 170 171 172 173 174 175 176 177 178 179 180 181 182 183 184 185 186 187 188 189 190 191 192 193 194 195 196 197 198 199 200 1 2 3 4 5 6 7 8 9 10 11 12 13 14 15 16 17 18 19 20 21 22 23 24 25 26 27 28 29 30 31 32 33 34 35 36 37 38 39 40 41 42 43 44 45 46 47 48 49 50 51 52 53 54 55 56 57 58 59 60 61 62 63 64 65 66 67 68 69 70 71 72 73 74 75 76 77 78 79 80 81 82 83 84 85 86 87 88 89 90 91 92 93 94 95 96 97 98 99 100 101 102 103 104 105 106 107 108 109 110 111 112 113 114 115 116 117 118 119 120 121 122 123 124 125 126 127 128 129 130 131 132 133 134 135 136 137 138 139 140 141 142 143 144 145 146 147 148 149 150 151 152 153 154 155 156 157 158 159 160 161 162 163 164 165 166 167 168 169 170 171 172 173 174 175 176 177 178 179 180 181 182 183 184 185 186 187 188 189 190 191 192 193 194 195 196 197 198 199 200 1 2 3 4 5 6 7 8 9 10 11 12 13 14 15 16 17 18 19 20 21 22 23 24 25 26 27 28 29 30 31 32 33 34 35 36 37 38 39 40 41 42 43 44 45 46 47 48 49 50 51 52 53 54 55 56 57 58 59 60 61 62 63 64 65 66 67 68 69 70 71 72 73 74 75 76 77 78 79 80 81 82 83 84 85 86 87 88 89 90 91 92 93 94 95 96 97 98 99 100 101 102 103 104 105 106 107 108 109 110 111 112 113 114 115 116 117 118 119 120 121 122 123 124 125 126 127 128 129 130 131 132 133 134 135 136 137 138 139 140 141 142 143 144 145 146 147 148 149 150 151 152 153 154 155 156 157 158 159 160 161 162 163 164 165 166 167 168 169 170 171 172 173 174 175 176 177 178 179 180 181 182 183 184 185 186 187 188 189 190 191 192 193 194 195 196 197 198 199 200 1 2 3 4 5 6 7 8 9 10 11 12 13 14 15 16 17 18 19 20 21 22 23 24 25 26 27 28 29 30 31 32 33 34 35 36 37 38 39 40 41 42 43 44 45 46 47 48 49 50 51 52 53 54 55 56 57 58 59 60 61 62 63 64 65 66 67 68 69 70 71 72 73 74 75 76 77 78 79 80 81 82 83 84 85 86 87 88 89 90 91 92 93 94 95 96 97 98 99 100 101 102 103 104 105 106 107 108 109 110 111 112 113 114 115 116 117 118 119 120 121 122 123 124 125 126 127 128 129 130 131 132 133 134 135 136 137 138 139 140 141 142 143 144 145 146 147 148 149 150 151 152 153 154 155 156 157 158 159 160 161 162 163 164 165 166 167 168 169 170 171 172 173 174 175 176 177 178 179 180 181 182 183 184 185 186 187 188 189 190 191 192 193 194 195 196 197 198 199 200 1 2 3 4 5 6 7 8 9 10 11 12 13 14 15 16 17 18 19 20 21 22 23 24 25 26 27 28 29 30 31 32 33 34 35 36 37 38 39 40 41 42 43 44 45 46 47 48 49 50 51 52 53 54 55 56 57 58 59 60 61 62 63 64 65 66 67 68 69 70 71 72 73 74 75 76 77 78 79 80 81 82 83 84 85 86 87 88 89 90 91 92 93 94 95 96 97 98 99 100 101 102 103 104 105 106 107 108 109 110 111 112 113 114 115 116 117 118 119 120 121 122 123 124 125 126 127 128 129 130 131 132 133 134 135 136 137 138 139 140 141 142 143 144 145 146 147 148 149 150 151 152 153 154 155 156 157 158 159 160 161 162 163 164 165 166 167 168 169 170 171 172 173 174 175 176 177 178 179 180 181 182 183 184 185 186 187 188 189 190 191 192 193 194 195 196 197 198 199 200 1 2 3 4 5 6 7 8 9 10 11 12 13 14 15 16 17 18 19 20 21 22 23 24 25 26 27 28 29 30 31 32 33 34 35 36 37 38 39 40 41 42 43 44 45 46 47 48 49 50 51 52 53 54 55 56 57 58 59 60 61 62 63 64 65 66 67 68 69 70 71 72 73 74 75 76 77 78 79 80 81 82 83 84 85 86 87 88 89 90 91 92 93 94 95 96 97 98 99 100 101 102 103 104 105 106 107 108 109 110 111 112 113 114 115 116 117 118 119 120 121 122 123 124 125 126 127 128 129 130 131 132 133 134 135 136 137 138 139 140 141 142 143 144 145 146 147 148 149 150 151 152 153 154 155 156 157 158 159 160 161 162 163 164 165 166 167 168 169 170 171 172 173 174 175 176 177 178 179 180 181 182 183 184 185 186 187 188 189 190 191 192 193 194 195 196 197 198 199 200 1 2 3 4 5 6 7 8 9 10 11 12 13 14 15 16 17 18 19 20 21 22 23 24 25 26 27 28 29 30 31 32 33 34 35 36 37 38 39 40 41 42 43 44 45 46 47 48 49 50 51 52 53 54 55 56 57 58 59 60 61 62 63 64 65 66 67 68 69 70 71 72 73 74 75 76 77 78 79 80 81 82 83 84 85 86 87 88 89 90 91 92 93 94 95 96 97 98 99 100 101 102 103 104 105 106 107 108 109 110 111 112 113 114 115 116 117 118 119 120 121 122 123 124 125 126 127 128 129 130 131 132 133 134 135 136 137 138 139 140 141 142 143 144 145 146 147 148 149 150 151 152 153 154 155 156 157 158 159 160 161 162 163 164 165 166 167 168 169 170 171 172 173 174 175 176 177 178 179 180 181 182 183 184 185 186 187 188 189 190 191 192 193 194 195 196 197 198 199 200 1 2 3 4 5 6 7 8 9 10 11 12 13 14 15 16 17 18 19 20 21 22 23 24 25 26 27 28 29 30 31 32 33 34 35 36 37 38 39 40 41 42 43 44 45 46 47 48 49 50 51 52 53 54 55 56 57 58 59 60 61 62 63 64 65 66 67 68 69 70 71 72 73 74 75 76 77 78 79 80 81 82 83 84 85 86 87 88 89 90 91 92 93 94 95 96 97 98 99 100 101 102 103 104 105 106 107 108 109 110 111 112 113 114 115 116 117 118 119 120 121 122 123 124 125 126 127 128 129 130 131 132 133 134 135 136 137 138 139 140 141 142 143 144 145 146 147 148 149 150 151 152 153 154 155 156 157 158 159 160 161 162 163 164 165 166 167 168 169 170 171 172 173 174 175 176 177 178 179 180 181 182 183 184 185 186 187 188 189 190 191 192 193 194 195 196 197 198 199 200 1 2 3 4 5 6 7 8 9 10 11 12 13 14 15 16 17 18 19 20 21 22 23 24 25 26 27 28 29 30 31 32 33 34 35 36 37 38 39 40 41 42 43 44 45 46 47 48 49 50 51 52 53 54 55 56 57 58 59 60 61 62 63 64 65 66 67 68 69 70 71 72 73 74 75 76 77 78 79 80 81 82 83 84 85 86 87 88 89 90 91 92 93 94 95 96 97 98 99 100 101 102 103 104 105 106 107 108 109 110 111 112 113 114 115 116 117 118 119 120 121 122 123 124 125 126 127 128 129 130 131 132 133 134 135 136 137 138 139 140 141 142 143 144 145 146 147 148 149 150 151 152 153 154 155 156 157 158 159 160 161 162 163 164 165 166 167 168 169 170 171 172 173 174 175 176 177 178 179 180 181 182 183 184 185 186 187 188 189 190 191 192 193 194 195 196 197 198 199 200 1 2 3 4 5 6 7 8 9 10 11 12 13 14 15 16 17 18 19 20 21 22 23 24 25 26 27 28 29 30 31 32 33 34 35 36 37 38 39 40 41 42 43 44 45 46 47 48 49 50 51 52 53 54 55 56 57 58 59 60 61 62 63 64 65 66 67 68 69 70 71 72 73 74 75 76 77 78 79 80 81 82 83 84 85 86 87 88 89 90 91 92 93 94 95 96 97 98 99 100 101 102 103 104 105 106 107 108 109 110 111 112 113 114 115 116 117 118 119 120 121 122 123 124 125 126 127 128 129 130 131 132 133 134 135 136 137 138 139 140 141 142 143 144 145 146 147 148 149 150 151 152 153 154 155 156 157 158 159 160 161 162 163 164 165 166 167 168 169 170 171 172 173 174 175 176 177 178 179 180 181 182 183 184 185 186 187 188 189 190 191 192 193 194 195 196 197 198 199 200 1 2 3 4 5 6 7 8 9 10 11 12 13 14 15 16 17 18 19 20 21 22 23 24 25 26 27 28 29 30 31 32 33 34 35 36 37 38 39 40 41 42 43 44 45 46 47 48 49 50 51 52 53 54 55 56 57 58 59 60 61 62 63 64 65 66 67 68 69 70 71 72 73 74 75 76 77 78 79 80 81 82 83 84 85 86 87 88 89 90 91 92 93 94 95 96 97 98 99 100 101 102 103 104 105 106 107 108 109 110 111 112 113 114 115 116 117 118 119 120 121 122 123 124 125 126 127 128 129 130 131 132 133 134 135 136 137 138 139 140 141 142 143 144 145 146 147 148 149 150 151 152 153 154 155 156 157 158 159 160 161 162 163 164 165 166 167 168 169 170 171 172 173 174 175 176 177 178 179 180 181 182 183 184 185 186 187 188 189 190 191 192 193 194 195 196 197 198 199 200 1 2 3 4 5 6 7 8 9 10 11 12 13 14 15 16 17 18 19 20 21 22 23 24 25 26 27 28 29 30 31 32 33 34 35 36 37 38 39 40 41 42 43 44 45 46 47 48 49 50 51 52 53 54 55 56 57 58 59 60 61 62 63 64 65 66 67 68 69 70 71 72 73 74 75 76 77 78 79 80 81 82 83 84 85 86 87 88 89 90 91 92 93 94 95 96 97 98 99 100 101 102 103 104 105 106 107 108 109 110 111 112 113 114 115 116 117 118 119 120 121 122 123 124 125 126 127 128 129 130 131 132 133 134 135 136 137 138 139 140 141 142 143 144 145 146 147 148 149 150 151 152 153 154 155 156 157 158 159 160 161 162 163 164 165 166 167 168 169 170 171 172 173 174 175 176 177 178 179 180 181 182 183 184 185 186 187 188 189 190 191 192 193 194 195 196 197 198 199 200 1 2 3 4 5 6 7 8 9 10 11 12 13 14 15 16 17 18 19 20 21 22 23 24 25 26 27 28 29 30 31 32 33 34 35 36 37 38 39 40 41 42 43 44 45 46 47 48 49 50 51 52 53 54 55 56 57 58 59 60 61 62 63 64 65 66 67 68 69 70 71 72 73 74 75 76 77 78 79 80 81 82 83 84 85 86 87 88 89 90 91 92 93 94 95 96 97 98 99 100 101 102 103 104 105 106 107 108 109 110 111 112 113 114 115 116 117 118 119 120 121 122 123 124 125 126 127 128 129 130 131 132 133 134 135 136 137 138 139 140 141 142 143 144 145 146 147 148 149 150 151 152 153 154 155 156 157 158 159 160 161 162 163 164 165 166 167 168 169 170 171 172 173 174 175 176 177 178 179 180 181 182 183 184 185 186 187 188 189 190 191 192 193 194 195 196 197 198 199 200 1 2 3 4 5 6 7 8 9 10 11 12 13 14 15 16 17 18 19 20 21 22 23 24 25 26 27 28 29 30 31 32 33 34 35 36 37 38 39 40 41 42 43 44 45 46 47 48 49 50 51 52 53 54 55 56 57 58 59 60 61 62 63 64 65 66 67 68 69 70 71 72 73 74 75 76 77 78 79 80 81 82 83 84 85 86 87 88 89 90 91 92 93 94 95 96 97 98 99 100 101 102 103 104 105 106 107 108 109 110 111 112 113 114 115 116 117 118 119 120 121 122 123 124 125 126 127 128 129 130 131 132 133 134 135 136 137 138 139 140 141 142 143 144 145 146 147 148 149 150 151 152 153 154 155 156 157 158 159 160 161 162 163 164 165 166 167 168 169 170 171 172 173 174 175 176 177 178 179 180 181 182 183 184 185 186 187 188 189 190 191 192 193 194 195 196 197 198 199 200 1 2 3 4 5 6 7 8 9 10 11 12 13 14 15 16 17 18 19 20 21 22 23 24 25 26 27 28 29 30 31 32 33 34 35 36 37 38 39 40 41 42 43 44 45 46 47 48 49 50 51 52 53 54 55 56 57 58 59 60 61 62 63 64 65 66 67 68 69 70 71 72 73 74 75 76 77 78 79 80 81 82 83 84 85 86 87 88 89 90 91 92 93 94 95 96 97 98 99 100 101 102 103 104 105 106 107 108 109 110 111 112 113 114 115 116 117 118 119 120 121 122 123 124 125 126 127 128 129 130 131 132 133 134 135 136 137 138 139 140 141 142 143 144 145 146 147 148 149 150 151 152 153 154 155 156 157 158 159 160 161 162 163 164 165 166 167 168 169 170 171 172 173 174 175 176 177 178 179 180 181 182 183 184 185 186 187 188 189 190 191 192 193 194 195 196 197 198 199 200 1 2 3 4 5 6 7 8 9 10 11 12 13 14 15 16 17 18 19 20 21 22 23 24 25 26 27 28 29 30 31 32 33 34 35 36 37 38 39 40 41 42 43 44 45 46 47 48 49 50 51 52 53 54 55 56 57 58 59 60 61 62 63 64 65 66 67 68 69 70 71 72 73 74 75 76 77 78 79 80 81 82 83 84 85 86 87 88 89 90 91 92 93 94 95 96 97 98 99 100 101 102 103 104 105 106 107 108 109 110 111 112 113 114 115 116 117 118 119 120 121 122 123 124 125 126 127 128 129 130 131 132 133 134 135 136 137 138 139 140 141 142 143 144 145 146 147 148 149 150 151 152 153 154 155 156 157 158 159 160 161 162 163 164 165 166 167 168 169 170 171 172 173 174 175 176 177 178 179 180 181 182 183 184 185 186 187 188 189 190 191 192 193 194 195 196 197 198 199 200 1 2 3 4 5 6 7 8 9 10 11 12 13 14 15 16 17 18 19 20 21 22 23 24 25 26 27 28 29 30 31 32 33 34 35 36 37 38 39 40 41 42 43 44 45 46 47 48 49 50 51 52 53 54 55 56 57 58 59 60 61 62 63 64 65 66 67 68 69 70 71 72 73 74 75 76 77 78 79 80 81 82 83 84 85 86 87 88 89 90 91 92 93 94 95 96 97 98 99 100 101 102 103 104 105 106 107 108 109 110 111 112 113 114 115 116 117 118 119 120 121 122 123 124 125 126 127 128 129 130 131 132 133 134 135 136 137 138 139 140 141 142 143 144 145 146 147 148 149 150 151 152 153 154 155 156 157 158 159 160 161 162 163 164 165 166 167 168 169 170 171 172 173 174 175 176 177 178 179 180 181 182 183 184 185 186 187 188 189 190 191 192 193 194 195 196 197 198 199 200 1 2 3 4 5 6 7 8 9 10 11 12 13 14 15 16 17 18 19 20 21 22 23 24 25 26 27 28 29 30 31 32 33 34 35 36 37 38 39 40 41 42 43 44 45 46 47 48 49 50 51 52 53 54 55 56 57 58 59 60 61 62 63 64 65 66 67 68 69 70 71 72 73 74 75 76 77 78 79 80 81 82 83 84 85 86 87 88 89 90 91 92 93 94 95 96 97 98 99 100 101 102 103 104 105 106 107 108 109 110 111 112 113 114 115 116 117 118 119 120 121 122 123 124 125 126 127 128 129 130 131 132 133 134 135 136 137 138 139 140 141 142 143 144 145 146 147 148 149 150 151 152 153 154 155 156 157 158 159 160 161 162 163 164 165 166 167 168 169 170 171 172 173 174 175 176 177 178 179 180 181 182 183 184 185 186 187 188 189 190 191 192 193 194 195 196 197 198 199 200 1 2 3 4 5 6 7 8 9 10 11 12 13 14 15 16 17 18 19 20 21 22 23 24 25 26 27 28 29 30 31 32 33 34 35 36 37 38 39 40 41 42 43 44 45 46 47 48 49 50 51 52 53 54 55 56 57 58 59 60 61 62 63 64 65 66 67 68 69 70 71 72 73 74 75 76 77 78 79 80 81 82 83 84 85 86 87 88 89 90 91 92 93 94 95 96 97 98 99 100 101 102 103 104 105 106 107 108 109 110 111 112 113 114 115 116 117 118 119 120 121 122 123 124 125 126 127 128 129 130 131 132 133 134 135 136 137 138 139 140 141 142 143 144 145 146 147 148 149 150 151 152 153 154 155 156 157 158 159 160 161 162 163 164 165 166 167 168 169 170 171 172 173 174 175 176 177 178 179 180 181 182 183 184 185 186 187 188 189 190 191 192 193 194 195 196 197 198 199 200 1 2 3 4 5 6 7 8 9 10 11 12 13 14 15 16 17 18 19 20 21 22 23 24 25 26 27 28 29 30 31 32 33 34 35 36 37 38 39 40 41 42 43 44 45 46 47 48 49 50 51 52 53 54 55 56 57 58 59 60 61 62 63 64 65 66 67 68 69 70 71 72 73 74 75 76 77 78 79 80 81 82 83 84 85 86 87 88 89 90 91 92 93 94 95 96 97 98 99 100 101 102 103 104 105 106 107 108 109 110 111 112 113 114 115 116 117 118 119 120 121 122 123 124 125 126 127 128 129 130 131 132 133 134 135 136 137 138 139 140 141 142 143 144 145 146 147 148 149 150 151 152 153 154 155 156 157 158 159 160 161 162 163 164 165 166 167 168 169 170 171 172 173 174 175 176 177 178 179 180 181 182 183 184 185 186 187 188 189 190 191 192 193 194 195 196 197 198 199 200 1 2 3 4 5 6 7 8 9 10 11 12 13 14 15 16 17 18 19 20 21 22 23 24 25 26 27 28 29 30 31 32 33 34 35 36 37 38 39 40 41 42 43 44 45 46 47 48 49 50 51 52 53 54 55 56 57 58 59 60 61 62 63 64 65 66 67 68 69 70 71 72 73 74 75 76 77 78 79 80 81 82 83 84 85 86 87 88 89 90 91 92 93 94 95 96 97 98 99 100 101 102 103 104 105 106 107 108 109 110 111 112 113 114 115 116 117 118 119 120 121 122 123 124 125 126 127 128 129 130 131 132 133 134 135 136 137 138 139 140 141 142 143 144 145 146 147 148 149 150 151 152 153 154 155 156 157 158 159 160 161 162 163 164 165 166 167 168 169 170 171 172 173 174 175 176 177 178 179 180 181 182 183 184 185 186 187 188 189 190 191 192 193 194 195 196 197 198 199 200 1 2 3 4 5 6 7 8 9 10 11 12 13 14 15 16 17 18 19 20 21 22 23 24 25 26 27 28 29 30 31 32 33 34 35 36 37 38 39 40 41 42 43 44 45 46 47 48 49 50 51 52 53 54 55 56 57 58 59 60 61 62 63 64 65 66 67 68 69 70 71 72 73 74 75 76 77 78 79 80 81 82 83 84 85 86 87 88 89 90 91 92 93 94 95 96 97 98 99 100 101 102 103 104 105 106 107 108 109 110 111 112 113 114 115 116 117 118 119 120 121 122 123 124 125 126 127 128 129 130 131 132 133 134 135 136 137 138 139 140 141 142 143 144 145 146 147 148 149 150 151 152 153 154 155 156 157 158 159 160 161 162 163 164 165 166 167 168 169 170 171 172 173 174 175 176 177 178 179 180 181 182 183 184 185 186 187 188 189 190 191 192 193 194 195 196 197 198 199 200 1 2 3 4 5 6 7 8 9 10 11 12 13 14 15 16 17 18 19 20 21 22 23 24 25 26 27 28 29 30 31 32 33 34 35 36 37 38 39 40 41 42 43 44 45 46 47 48 49 50 51 52 53 54 55 56 57 58 59 60 61 62 63 64 65 66 67 68 69 70 71 72 73 74 75 76 77 78 79 80 81 82 83 84 85 86 87 88 89 90 91 92 93 94 95 96 97 98 99 100 101 102 103 104 105 106 107 108 109 110 111 112 113 114 115 116 117 118 119 120 121 122 123 124 125 126 127 128 129 130 131 132 133 134 135 136 137 138 139 140 141 142 143 144 145 146 147 148 149 150 151 152 153 154 155 156 157 158 159 160 161 162 163 164 165 166 167 168 169 170 171 172 173 174 175 176 177 178 179 180 181 182 183 184 185 186 187 188 189 190 191 192 193 194 195 196 197 198 199 200 1 2 3 4 5 6 7 8 9 10 11 12 13 14 15 16 17 18 19 20 21 22 23 24 25 26 27 28 29 30 31 32 33 34 35 36 37 38 39 40 41 42 43 44 45 46 47 48 49 50 51 52 53 54 55 56 57 58 59 60 61 62 63 64 65 66 67 68 69 70 71 72 73 74 75 76 77 78 79 80 81 82 83 84 85 86 87 88 89 90 91 92 93 94 95 96 97 98 99 100 101 102 103 104 105 106 107 108 109 110 111 112 113 114 115 116 117 118 119 120 121 122 123 124 125 126 127 128 129 130 131 132 133 134 135 136 137 138 139 140 141 142 143 144 145 146 147 148 149 150 151 152 153 154 155 156 157 158 159 160 161 162 163 164 165 166 167 168 169 170 171 172 173 174 175 176 177 178 179 180 181 182 183 184 185 186 187 188 189 190 191 192 193 194 195 196 197 198 199 200 1 2 3 4 5 6 7 8 9 10 11 12 13 14 15 16 17 18 19 20 21 22 23 24 25 26 27 28 29 30 31 32 33 34 35 36 37 38 39 40 41 42 43 44 45 46 47 48 49 50 51 52 53 54 55 56 57 58 59 60 61 62 63 64 65 66 67 68 69 70 71 72 73 74 75 76 77 78 79 80 81 82 83 84 85 86 87 88 89 90 91 92 93 94 95 96 97 98 99 100 101 102 103 104 105 106 107 108 109 110 111 112 113 114 115 116 117 118 119 120 121 122 123 124 125 126 127 128 129 130 131 132 133 134 135 136 137 138 139 140 141 142 143 144 145 146 147 148 149 150 151 152 153 154 155 156 157 158 159 160 161 162 163 164 165 166 167 168 169 170 171 172 173 174 175 176 177 178 179 180 181 182 183 184 185 186 187 188 189 190 191 192 193 194 195 196 197 198 199 200 1 2 3 4 5 6 7 8 9 10 
