687 6587 8817 1500
1 1
1 30
1 31
1 32
1 33
1 34
1 35
1 36
1 37
1 38
1 39
1 40
1 41
1 42
1 43
1 44
1 45
1 46
1 47
1 48
1 49
1 50
1 51
1 52
1 53
1 54
1 55
1 56
1 57
1 58
1 59
1 60
1 61
1 62
1 63
1 64
1 65
1 66
1 67
1 68
1 69
1 70
1 71
1 72
1 73
1 74
1 75
1 76
1 77
1 78
1 79
1 80
1 81
1 82
1 83
1 84
1 85
1 86
1 87
1 88
1 89
1 154
1 192
2 2
3 3
3 1995
3 1996
3 1997
3 1998
3 1999
3 2000
3 2001
3 2002
3 2003
3 2004
3 2005
3 2006
3 2007
3 2008
3 2009
3 2010
3 2011
3 2012
3 2013
3 2014
3 2015
3 2016
3 2017
3 2018
3 2019
3 2020
3 2021
3 2022
3 2023
3 2024
3 2025
3 2026
3 2027
3 2028
3 2029
3 2030
3 2031
3 2032
3 2033
3 2034
3 2035
3 2036
3 2037
3 2038
3 2039
3 2040
3 2041
3 2042
3 2043
3 2044
3 2045
3 2046
3 2047
3 2048
3 2049
3 2050
3 2051
3 2052
3 2053
3 2054
3 2055
3 2056
3 2057
3 2058
3 2059
3 2060
3 2061
3 2062
3 2063
3 2064
3 2065
3 2066
3 2067
3 2068
3 2069
3 2070
3 2071
3 2072
3 2073
3 2074
3 2075
3 2076
3 2077
3 2078
3 2079
3 2080
3 2081
3 2082
3 2083
3 2084
3 2085
3 2086
3 2087
3 2093
3 2094
3 2095
3 2096
3 2097
3 2098
3 2099
3 2100
3 2101
3 2102
3 2103
3 2104
3 2105
3 2106
3 2107
3 2108
3 2109
3 2110
3 2111
3 2112
3 2113
3 2114
3 2115
3 2116
3 2117
3 2118
3 2119
3 2120
4 4
4 872
5 5
6 6
6 2280
6 2284
7 7
8 8
9 9
9 10
10 9
10 23
10 24
10 34
10 35
10 37
10 38
10 39
10 40
10 41
10 42
10 43
10 44
10 45
10 46
10 47
10 48
10 49
10 50
10 51
10 52
10 53
10 55
10 56
10 57
10 58
10 59
10 60
10 61
10 62
10 63
10 64
10 65
10 66
10 67
10 68
10 69
10 70
10 71
10 72
10 73
10 74
10 75
10 76
10 77
10 78
10 79
10 80
10 81
10 82
10 83
10 86
10 87
10 89
10 98
10 101
10 102
10 105
10 107
10 114
10 127
10 128
10 131
10 132
10 133
10 134
10 135
10 139
10 143
10 144
10 149
10 150
10 166
10 171
10 174
10 178
10 180
10 182
10 183
10 184
10 185
10 186
10 187
10 188
10 190
10 192
10 193
10 194
10 195
10 197
10 198
10 205
10 206
10 207
10 208
10 209
10 210
10 214
10 215
10 216
10 217
10 218
10 219
10 220
10 222
10 223
10 226
10 227
10 228
10 229
10 230
10 231
10 232
10 233
10 234
10 235
10 236
10 237
10 238
10 239
10 240
10 241
10 242
10 243
10 244
10 245
10 253
10 254
10 255
10 257
10 258
10 259
10 260
10 261
10 262
10 263
10 264
10 265
10 266
10 267
10 268
10 269
10 270
10 271
10 272
10 273
10 274
10 275
10 276
10 277
10 278
10 279
10 280
10 281
10 282
10 283
10 284
10 285
10 286
10 287
10 290
10 291
10 292
10 293
10 294
10 295
10 296
10 297
10 298
10 300
10 301
10 302
10 303
10 304
10 305
10 306
10 307
10 308
10 309
10 310
10 311
10 312
10 313
10 314
10 315
10 316
10 317
10 318
10 319
10 320
10 321
10 322
10 323
10 324
10 325
10 326
10 327
10 329
10 330
10 331
10 332
10 333
10 334
10 336
10 338
10 339
10 340
10 341
10 342
10 343
10 345
10 346
10 347
10 348
10 349
10 350
10 351
10 352
10 353
10 354
10 355
10 356
10 357
10 358
10 359
10 360
10 361
10 362
10 363
10 364
10 365
10 366
10 367
10 368
10 369
10 370
10 371
10 372
10 373
10 374
10 375
10 376
10 377
10 378
10 379
10 380
10 381
10 382
10 383
10 384
10 385
10 386
10 387
10 388
10 389
10 390
10 391
10 392
10 393
10 394
10 395
10 396
10 397
10 398
10 399
10 400
10 402
10 403
10 404
10 405
10 406
10 407
10 408
10 409
10 412
10 413
10 415
10 416
10 417
10 418
10 419
10 420
10 424
10 425
10 426
10 427
10 428
10 429
10 430
10 431
10 432
10 433
10 434
10 435
10 436
10 437
10 438
10 439
10 440
10 441
10 442
10 443
10 445
10 446
10 447
10 448
10 449
10 450
10 451
10 452
10 453
10 454
10 455
10 456
10 457
10 458
10 459
10 460
10 461
10 462
10 463
10 464
10 465
10 466
10 467
10 468
10 469
10 470
10 471
10 472
10 473
10 474
10 475
10 476
10 477
10 478
10 479
10 482
10 483
10 484
10 485
10 486
10 490
10 493
10 494
10 495
10 496
10 497
10 498
10 499
10 500
10 501
10 502
10 504
10 511
10 512
10 513
10 514
10 515
10 516
10 517
10 518
10 519
10 520
10 521
10 522
10 523
10 524
10 525
10 526
10 527
10 528
10 529
10 530
10 531
10 532
10 533
10 534
10 535
10 536
10 537
10 538
10 539
10 540
10 541
10 542
10 543
10 544
10 551
10 552
10 553
10 554
10 555
10 556
10 557
10 558
10 559
10 560
10 561
10 562
10 563
10 564
10 565
10 566
10 567
10 585
10 593
10 594
10 595
10 596
10 597
10 598
10 599
10 600
10 601
10 602
10 603
10 604
10 605
10 606
10 607
10 608
10 609
10 610
10 611
10 612
10 613
10 614
10 615
10 616
10 617
10 618
10 619
10 620
10 621
10 622
10 623
10 624
10 625
10 626
10 627
10 628
10 629
10 630
10 631
10 632
10 633
10 634
10 635
10 636
10 637
10 638
10 639
10 640
10 641
10 642
10 643
10 644
10 645
10 646
10 647
10 648
10 649
10 650
10 651
10 652
10 653
10 654
10 655
10 659
10 660
10 661
10 662
10 663
10 664
10 665
10 666
10 667
10 668
10 669
10 670
10 671
10 672
10 673
10 674
10 675
10 676
10 677
10 678
10 679
10 680
10 681
10 682
10 683
10 684
10 685
10 686
10 687
10 688
10 691
10 692
10 693
10 694
10 695
10 696
10 697
10 698
10 699
10 700
10 701
10 702
10 703
10 704
10 705
10 706
10 709
10 710
10 711
10 712
10 713
10 714
10 715
10 716
10 717
10 718
10 719
10 720
10 721
10 722
10 723
10 724
10 725
10 726
10 727
10 728
10 729
10 730
10 731
10 732
10 733
10 734
10 735
10 736
10 737
10 738
10 739
10 740
10 741
10 742
10 743
10 745
10 746
10 747
10 748
10 749
10 750
10 754
10 755
10 756
10 757
10 758
10 759
10 760
10 761
10 762
10 763
10 764
10 770
10 771
10 772
10 775
10 776
10 777
10 778
10 779
10 780
10 781
10 782
10 783
10 784
10 787
10 791
10 792
10 793
10 794
10 795
10 796
10 797
10 798
10 799
10 800
10 801
10 802
10 803
10 804
10 805
10 806
10 807
10 808
10 809
10 810
10 811
10 812
10 813
10 814
10 815
10 816
10 817
10 818
10 819
10 820
10 821
10 822
10 823
10 824
10 825
10 826
10 827
10 828
10 829
10 830
10 831
10 832
10 833
10 834
10 835
10 836
10 837
10 838
10 839
10 840
10 841
10 842
10 843
10 844
10 845
10 846
10 847
10 848
10 849
10 852
10 853
10 854
10 855
10 859
10 860
10 861
10 862
10 863
10 864
10 865
10 866
10 867
10 868
10 869
10 870
10 871
10 872
10 873
10 874
10 875
10 876
10 877
10 878
10 879
10 880
10 881
10 882
10 883
10 884
10 885
10 886
10 887
10 888
10 889
10 890
10 891
10 892
10 893
10 894
10 895
10 896
10 897
10 898
10 899
10 900
10 901
10 902
10 903
10 904
10 905
10 906
10 907
10 908
10 909
10 910
10 911
10 912
10 913
10 914
10 915
10 916
10 917
10 918
10 919
10 920
10 921
10 922
10 923
10 924
10 925
10 926
10 927
10 928
10 929
10 930
10 931
10 932
10 933
10 934
10 935
10 936
10 937
10 938
10 939
10 940
10 941
10 942
10 943
10 944
10 945
10 946
10 947
10 948
10 949
10 950
10 951
10 952
10 953
10 954
10 955
10 956
10 957
10 958
10 959
10 960
10 961
10 962
10 963
10 964
10 965
10 966
10 967
10 968
10 969
10 970
10 971
10 972
10 973
10 974
10 975
10 976
10 977
10 978
10 979
10 980
10 981
10 982
10 983
10 984
10 985
10 986
10 987
10 988
10 989
10 990
10 991
10 992
10 993
10 994
10 995
10 996
10 997
10 998
10 999
10 1000
10 1001
10 1002
10 1003
10 1004
10 1005
10 1006
10 1007
10 1008
10 1009
10 1010
10 1011
10 1012
10 1013
10 1014
10 1015
10 1016
10 1017
10 1018
10 1019
10 1020
10 1021
10 1022
10 1023
10 1024
10 1025
10 1026
10 1027
10 1028
10 1029
10 1030
10 1031
10 1032
10 1033
10 1034
10 1035
10 1036
10 1037
10 1038
10 1039
10 1040
10 1041
10 1042
10 1043
10 1044
10 1045
10 1046
10 1047
10 1048
10 1049
10 1051
10 1052
10 1054
10 1055
10 1056
10 1057
10 1058
10 1059
10 1060
10 1061
10 1062
10 1063
10 1064
10 1065
10 1066
10 1067
10 1068
10 1069
10 1070
10 1071
10 1072
10 1073
10 1074
10 1075
10 1076
10 1077
10 1078
10 1079
10 1080
10 1081
10 1082
10 1083
10 1084
10 1085
10 1086
10 1087
10 1088
10 1089
10 1090
10 1091
10 1092
10 1093
10 1094
10 1095
10 1096
10 1097
10 1098
10 1099
10 1100
10 1101
10 1102
10 1103
10 1104
10 1105
10 1106
10 1107
10 1108
10 1109
10 1110
10 1111
10 1112
10 1113
10 1114
10 1115
10 1116
10 1117
10 1118
10 1119
10 1120
10 1121
10 1122
10 1123
10 1124
10 1125
10 1126
10 1127
10 1128
10 1129
10 1130
10 1131
10 1132
10 1133
10 1134
10 1135
10 1136
10 1137
10 1138
10 1139
10 1140
10 1141
10 1142
10 1143
10 1144
10 1145
10 1146
10 1147
10 1148
10 1149
10 1150
10 1151
10 1152
10 1153
10 1154
10 1155
10 1156
10 1157
10 1158
10 1159
10 1160
10 1161
10 1162
10 1163
10 1164
10 1165
10 1166
10 1167
10 1168
10 1169
10 1170
10 1171
10 1172
10 1173
10 1174
10 1175
10 1176
10 1178
10 1179
10 1180
10 1181
10 1182
10 1183
10 1184
10 1185
10 1186
10 1187
10 1188
10 1189
10 1190
10 1191
10 1192
10 1193
10 1194
10 1195
10 1196
10 1197
10 1198
10 1199
10 1200
10 1201
10 1202
10 1203
10 1204
10 1205
10 1206
10 1207
10 1208
10 1209
10 1210
10 1211
10 1212
10 1213
10 1214
10 1215
10 1216
10 1217
10 1218
10 1219
10 1220
10 1221
10 1222
10 1223
10 1224
10 1225
10 1226
10 1227
10 1228
10 1229
10 1230
10 1231
10 1232
10 1233
10 1234
10 1235
10 1236
10 1237
10 1238
10 1239
10 1240
10 1241
10 1242
10 1243
10 1244
10 1245
10 1246
10 1247
10 1248
10 1249
10 1250
10 1251
10 1252
10 1253
10 1254
10 1255
10 1256
10 1257
10 1258
10 1259
10 1260
10 1261
10 1262
10 1263
10 1264
10 1265
10 1266
10 1267
10 1268
10 1269
10 1270
10 1271
10 1272
10 1273
10 1274
10 1275
10 1276
10 1277
10 1278
10 1279
10 1280
10 1281
10 1282
10 1283
10 1284
10 1285
10 1286
10 1287
10 1288
10 1289
10 1290
10 1585
10 1587
10 1588
10 1589
10 1590
10 1591
10 1592
10 1593
10 1594
10 1595
10 1596
10 1597
10 1598
10 1599
10 1600
10 1601
10 1602
10 1605
10 1606
10 1607
10 1608
10 1609
10 1610
10 1611
10 1612
10 1613
10 1614
10 1615
10 1616
10 1617
10 1618
10 1619
10 1620
10 1621
10 1622
10 1623
10 1624
10 1625
10 1626
10 1627
10 1628
10 1629
10 1630
10 1631
10 1632
10 1633
10 1634
10 1635
10 1636
10 1637
10 1638
10 2115
10 2116
10 2242
10 2322
10 2348
11 11
11 12
11 23
12 13
13 13
13 89
13 105
13 107
13 113
13 191
13 301
13 303
13 414
13 505
13 545
13 548
13 549
13 571
13 572
13 586
13 766
13 767
13 768
13 790
13 851
13 856
13 868
13 872
13 997
13 1053
13 1252
13 1292
13 1293
13 1295
13 1424
13 1425
13 1426
13 1608
13 1612
13 1733
13 1734
13 1735
13 1736
13 1737
13 1745
13 1746
13 1752
13 1767
13 1768
13 1769
13 1770
13 1790
13 1791
13 1794
13 1795
13 1837
13 1838
13 1839
13 1840
13 1841
13 1842
13 1843
13 1845
13 1846
13 1850
13 1851
13 1852
13 1853
13 1858
13 1877
13 1878
13 1879
13 1945
13 1946
13 1947
13 1979
13 2144
13 2145
13 2146
13 2153
13 2154
13 2155
13 2156
13 2157
13 2167
13 2168
13 2173
13 2176
13 2177
13 2178
13 2179
13 2186
13 2189
13 2190
13 2192
13 2193
13 2194
13 2198
13 2199
13 2201
13 2399
13 2414
13 4909
13 4913
13 4914
13 4926
14 14
15 15
15 16
15 17
15 18
15 202
15 203
15 751
15 752
15 753
16 19
17 20
18 21
18 22
18 23
18 31
18 32
18 34
18 37
18 50
18 54
18 56
18 81
18 86
18 87
18 88
18 90
18 91
18 92
18 93
18 94
18 95
18 96
18 99
18 100
18 101
18 105
18 106
18 107
18 108
18 109
18 110
18 111
18 112
18 113
18 114
18 115
18 116
18 117
18 118
18 119
18 120
18 121
18 122
18 123
18 128
18 129
18 130
18 131
18 139
18 141
18 145
18 146
18 147
18 148
18 149
18 150
18 211
18 212
18 213
18 214
18 215
18 216
18 217
18 218
18 222
18 343
18 344
18 345
18 346
18 347
18 348
18 349
18 350
18 351
18 352
18 353
18 354
18 355
18 356
18 357
18 358
18 2009
18 2010
18 2011
18 2012
18 2013
18 2014
18 2015
18 2016
18 2017
18 2018
18 2019
18 2020
18 2021
18 2022
18 2023
18 2024
18 2025
18 2026
18 2027
18 2028
18 2029
18 2030
18 2031
18 2032
18 2033
18 2034
18 2035
18 2036
18 2037
18 2038
18 2039
18 2040
18 2041
18 2042
18 2043
18 2044
18 2045
18 2046
18 2047
18 2048
18 2049
18 2050
18 2051
18 2052
18 2053
18 2054
18 2055
18 2056
18 2057
18 2058
18 2059
18 2060
18 2322
18 2339
19 23
19 139
19 150
19 707
19 774
19 857
19 1302
19 1306
19 2299
20 23
20 50
20 56
20 164
20 165
20 166
20 167
20 2100
20 2102
20 2239
20 2251
21 23
22 23
22 127
22 139
22 150
22 1644
23 24
23 25
23 26
23 27
23 35
23 49
23 56
23 58
23 59
23 60
23 89
23 97
23 98
23 101
23 102
23 105
23 107
23 109
23 113
23 114
23 128
23 139
23 155
23 156
23 157
23 158
23 165
23 166
23 169
23 173
23 181
23 206
23 214
23 216
23 250
23 251
23 280
23 301
23 302
23 303
23 337
23 346
23 348
23 349
23 350
23 351
23 388
23 415
23 544
23 592
23 791
23 792
23 824
23 825
23 850
23 860
23 861
23 862
23 863
23 864
23 865
23 866
23 867
23 868
23 872
23 874
23 880
23 887
23 955
23 997
23 1017
23 1125
23 1126
23 1169
23 1184
23 1217
23 1252
23 1317
23 1400
23 1453
23 1460
23 1583
23 1608
23 1612
23 1747
23 1792
23 1793
23 1797
23 1835
23 1836
23 1848
23 1849
23 1854
23 1855
23 1856
23 1857
23 1858
23 1859
23 1860
23 1861
23 1872
23 1894
23 1898
23 1904
23 1905
23 1906
23 1907
23 1908
23 1909
23 1910
23 1911
23 1912
23 1913
23 1914
23 1915
23 1916
23 1917
23 1918
23 1919
23 1920
23 1921
23 1922
23 1923
23 1924
23 1925
23 1926
23 1927
23 1928
23 1929
23 1930
23 1931
23 1932
23 1933
23 1934
23 1935
23 1936
23 1937
23 1938
23 1939
23 1940
23 1941
23 1942
23 1943
23 1951
23 1952
23 1953
23 1954
23 1955
23 1956
23 1957
23 1958
23 1959
23 1960
23 1961
23 1962
23 1963
23 1964
23 1965
23 1966
23 1967
23 1968
23 1969
23 1974
23 1975
23 1976
23 1977
23 1989
23 1992
23 1996
23 1997
23 1998
23 1999
23 2000
23 2001
23 2002
23 2003
23 2004
23 2005
23 2006
23 2007
23 2008
23 2009
23 2010
23 2011
23 2012
23 2013
23 2014
23 2015
23 2017
23 2019
23 2029
23 2034
23 2035
23 2039
23 2040
23 2041
23 2042
23 2043
23 2044
23 2045
23 2046
23 2054
23 2060
23 2061
23 2062
23 2063
23 2064
23 2065
23 2066
23 2067
23 2068
23 2069
23 2070
23 2071
23 2072
23 2073
23 2074
23 2075
23 2076
23 2077
23 2078
23 2079
23 2080
23 2081
23 2082
23 2083
23 2084
23 2085
23 2086
23 2087
23 2088
23 2089
23 2090
23 2091
23 2092
23 2093
23 2094
23 2095
23 2096
23 2097
23 2098
23 2099
23 2100
23 2101
23 2102
23 2103
23 2104
23 2105
23 2106
23 2107
23 2108
23 2109
23 2110
23 2111
23 2112
23 2113
23 2114
23 2115
23 2116
23 2117
23 2118
23 2119
23 2120
23 2121
23 2122
23 2129
23 2130
23 2131
23 2133
23 2134
23 2136
23 2137
23 2147
23 2148
23 2149
23 2150
23 2151
23 2174
23 2175
23 2184
23 2195
23 2225
23 2227
23 2228
23 2233
23 2234
23 2235
23 2236
23 2237
23 2238
23 2239
23 2240
23 2241
23 2242
23 2243
23 2244
23 2245
23 2246
23 2247
23 2248
23 2249
23 2250
23 2251
23 2252
23 2253
23 2254
23 2255
23 2256
23 2257
23 2258
23 2259
23 2260
23 2261
23 2262
23 2263
23 2264
23 2265
23 2266
23 2268
23 2269
23 2270
23 2271
23 2272
23 2273
23 2274
23 2275
23 2276
23 2277
23 2278
23 2279
23 2280
23 2281
23 2282
23 2283
23 2284
23 2285
23 2288
23 2289
23 2290
23 2291
23 2292
23 2293
23 2294
23 2295
23 2296
23 2297
23 2303
23 2304
23 2305
23 2306
23 2307
23 2308
23 2309
23 2311
23 2312
23 2313
23 2314
23 2315
23 2322
23 2323
23 2324
23 2325
23 2326
23 2327
23 2328
23 2329
23 2330
23 2331
23 2332
23 2333
23 2334
23 2335
23 2336
23 2337
23 2338
23 2339
23 2340
23 2341
23 2342
23 2343
23 2344
23 2345
23 2346
23 2347
23 2348
23 2349
23 2350
23 2351
23 2352
23 2353
23 2354
23 2355
23 2356
23 2357
23 2358
23 2361
23 2362
23 2363
23 2365
23 2366
23 2367
23 2368
23 2369
23 2370
23 2380
23 2385
23 2393
23 2394
23 2395
23 2396
23 2397
23 2398
23 2399
23 2400
23 2401
23 2402
23 2403
23 2404
23 2406
23 2407
23 2410
23 2411
23 2412
23 2413
23 2414
23 2415
23 2416
23 2417
23 2418
23 2419
23 2420
23 2426
23 2445
23 2446
23 2462
23 2479
23 2488
23 2489
23 2490
23 2498
23 2499
23 2501
23 2502
23 2503
23 2524
23 2525
23 2526
23 2527
23 2528
23 2532
23 2534
23 2535
23 2536
23 2537
23 2538
23 2539
23 2540
23 2541
23 2546
23 2547
23 2556
23 2765
23 2792
23 2793
23 4117
23 4118
23 4199
23 4725
23 4732
23 4736
23 4737
23 4738
23 4774
23 4775
23 4887
23 4888
23 4908
23 4909
23 4910
23 4911
23 4912
23 4913
23 4914
23 4915
23 4916
23 4917
23 4918
23 4919
23 4920
23 4921
23 4922
23 4923
23 4924
23 4925
23 4926
23 4927
23 4948
23 4949
23 4950
23 4957
23 4958
23 4971
23 4975
23 6058
23 6059
23 6060
23 6061
23 6419
23 6420
23 6421
24 24
24 225
25 24
25 35
25 43
25 44
25 56
25 62
25 63
25 64
25 65
25 66
25 67
25 68
25 69
25 70
25 71
25 72
25 73
25 74
25 75
25 76
25 77
25 78
25 79
25 89
25 99
25 128
25 133
25 141
25 142
25 143
25 151
25 152
25 153
25 159
25 160
25 161
25 162
25 163
25 171
25 172
25 173
25 174
25 185
25 189
25 190
25 195
25 198
25 212
25 214
25 215
25 217
25 222
25 227
25 228
25 229
25 230
25 231
25 232
25 233
25 234
25 235
25 236
25 237
25 238
25 239
25 240
25 241
25 242
25 243
25 244
25 245
25 251
25 253
25 254
25 255
25 274
25 288
25 289
25 293
25 294
25 295
25 296
25 327
25 480
25 481
25 491
25 546
25 547
25 573
25 584
25 585
25 588
25 656
25 657
25 658
25 707
25 765
25 771
25 772
25 774
25 827
25 828
25 829
25 830
25 831
25 832
25 833
25 834
25 835
25 836
25 837
25 838
25 839
25 840
25 841
25 842
25 843
25 844
25 845
25 846
25 847
25 850
25 857
25 1297
25 1298
25 1299
25 1727
25 1755
25 1756
25 1757
25 1758
25 1759
25 1760
25 1761
25 1762
25 2093
25 2095
25 2235
25 2236
25 2237
25 2240
26 24
26 33
26 37
26 38
26 39
26 40
26 41
26 45
26 48
26 49
26 52
26 56
26 61
26 82
26 195
26 206
26 280
26 421
26 422
26 423
26 824
26 825
26 868
26 2093
26 2094
26 2095
26 2098
26 2099
26 2100
26 2101
26 2102
26 2103
26 2104
26 2109
26 2111
26 2112
26 2115
26 2117
26 2239
26 2245
26 2250
26 2251
26 2271
26 2275
26 2279
26 2285
26 2289
26 2290
26 2291
26 2292
26 2322
26 2339
26 2347
26 2348
27 24
27 89
27 421
27 1296
27 2394
27 2399
27 2410
28 28
29 29
30 30
30 34
30 36
30 107
30 302
30 872
30 2322
30 2326
30 2335
31 31
31 32
31 35
31 37
31 39
31 40
31 42
31 43
31 44
31 45
31 46
31 48
31 52
31 55
31 56
31 57
31 59
31 61
31 80
31 81
31 82
31 83
31 351
31 2008
31 4732
31 4733
31 4734
31 4735
31 4740
32 35
32 56
32 60
32 170
33 35
34 35
35 35
36 35
36 57
36 139
36 175
36 178
36 179
36 206
36 2115
36 2251
37 35
37 1378
37 1382
38 35
38 37
38 38
38 41
38 44
38 47
38 51
38 53
38 62
38 63
38 64
38 65
38 66
38 67
38 68
38 69
38 70
38 71
38 72
38 73
38 74
38 75
38 76
38 77
38 78
38 79
38 82
38 198
38 222
38 223
38 224
38 230
38 243
38 244
38 246
38 247
38 248
38 256
38 491
38 506
38 507
38 508
38 509
38 510
38 573
38 574
38 575
38 576
38 577
38 578
38 579
38 580
38 581
38 582
38 2242
39 35
39 328
39 2100
40 35
40 206
40 335
40 336
40 792
40 1861
40 1973
40 2082
40 2093
40 2099
40 2103
40 2115
40 2118
40 2120
40 2240
40 2251
40 2271
40 2341
40 2345
40 2349
40 2350
41 35
41 98
41 590
42 35
42 550
42 2242
43 35
43 51
43 103
43 104
43 692
43 693
43 694
43 695
43 696
43 697
43 698
43 699
43 700
43 701
43 702
43 703
43 704
43 705
43 706
43 854
44 35
45 35
45 773
46 35
46 503
47 35
47 2098
47 2099
47 2100
47 2101
47 2102
47 2111
47 2112
47 2113
47 2118
47 2235
47 2236
47 2237
47 2238
47 2240
47 2241
47 2242
47 2243
47 2246
47 2247
47 2249
47 2250
47 2251
47 2252
47 2270
47 2271
47 2295
47 2322
47 2326
47 2327
47 2335
47 2348
47 4930
47 4931
47 6423
47 6424
48 35
48 337
48 429
48 441
48 443
48 483
48 485
48 504
48 1317
48 1732
48 1751
48 1754
48 1828
48 1876
48 1981
48 1993
48 2128
48 2138
48 2202
48 2203
48 2207
49 40
49 56
50 44
51 44
52 46
52 59
52 2602
52 2603
52 2604
52 2605
52 2606
52 2608
52 2609
52 2610
52 2616
52 2622
52 2624
52 2625
52 2626
52 2628
52 2629
52 2630
52 2768
52 2769
52 2774
52 4928
52 4957
53 49
53 568
53 569
53 769
53 2247
53 2271
53 2324
53 2356
54 54
54 56
54 89
54 1252
54 1922
54 2399
54 4908
54 4912
55 54
56 54
57 54
57 59
57 114
57 166
57 195
57 198
57 208
57 209
57 287
57 301
57 305
57 360
57 415
57 529
57 531
57 534
57 607
57 793
57 978
57 1056
57 1057
57 1058
57 1059
57 1060
57 1061
57 1062
57 1063
57 1064
57 1065
57 1066
57 1067
57 1068
57 1069
57 1070
57 1071
57 1072
57 1073
57 1074
57 1075
57 1076
57 1077
57 1078
57 1079
57 1080
57 1081
57 1082
57 1083
57 1084
57 1085
57 1086
57 1087
57 1088
57 1089
57 1090
57 1091
57 1092
57 1093
57 1094
57 1095
57 1096
57 1097
57 1098
57 1099
57 1100
57 1101
57 1102
57 1103
57 1104
57 1105
57 1106
57 1107
57 1108
57 1109
57 1110
57 1111
57 1112
57 1115
57 1119
57 1122
57 1199
57 1213
57 1215
57 1241
57 1396
57 1417
57 1418
57 1459
57 1460
57 1461
57 1462
57 1463
57 1464
57 1465
57 1466
57 1467
57 1468
57 1469
57 1470
57 1471
57 1472
57 1473
57 1474
57 1475
57 1476
57 1483
57 2133
57 2134
57 2233
57 2247
57 2255
57 2445
57 2619
57 4127
57 4128
57 4129
57 4130
57 4131
57 4132
57 4133
57 4134
57 4135
57 4136
57 4137
57 4138
57 4139
57 4140
57 4141
57 4142
57 4143
57 4144
57 4145
57 4146
57 4147
57 4148
57 4149
57 4150
57 4151
57 4152
57 4153
57 4154
57 4155
57 4156
57 4157
57 4158
57 4159
57 4160
57 4161
57 4162
57 4163
57 4164
57 4165
57 4166
57 4167
57 4168
57 4169
57 4170
57 4171
57 4172
57 4173
57 4174
57 4175
57 4176
57 4177
57 4178
57 4179
57 4180
57 4181
57 4182
57 4183
57 4184
57 4185
57 4186
57 4187
57 4188
57 4189
57 4190
57 4191
57 4192
57 4193
57 4194
57 4195
57 4196
57 4197
57 4198
57 4199
57 4200
57 4201
57 4202
57 4203
57 4204
57 4205
57 4206
57 4207
57 4208
57 4209
57 4210
57 4211
57 4212
57 4213
57 4214
57 4215
57 4216
57 4217
57 4218
57 4219
57 4220
57 4221
57 4222
57 4223
57 4224
57 4225
57 4226
57 4227
57 4228
57 4229
57 4230
57 4231
57 4232
57 4233
57 4234
57 4235
57 4236
57 4237
57 4238
57 4239
57 4240
57 4241
57 4242
57 4243
57 4244
57 4245
57 4246
57 4247
57 4248
57 4249
57 4250
57 4251
57 4252
57 4253
57 4254
57 4255
57 4256
57 4257
57 4258
57 4259
57 4260
57 4261
57 4262
57 4263
57 4264
57 4265
57 4266
57 4267
57 4268
57 4269
57 4270
57 4271
57 4272
57 4273
57 4274
57 4275
57 4276
57 4277
57 4278
57 4279
57 4280
57 4281
57 4282
57 4283
57 4284
57 4285
57 4286
57 4287
57 4288
57 4289
57 4290
57 4291
57 4292
57 4293
57 4294
57 4295
57 4296
57 4297
57 4298
57 4299
57 4300
57 4301
57 4302
57 4303
57 4304
57 4305
57 4306
57 4307
57 4308
57 4309
57 4310
57 4311
57 4312
57 4313
57 4314
57 4315
57 4316
57 4317
57 4318
57 4319
57 4320
57 4321
57 4322
57 4323
57 4324
57 4325
57 4326
57 4327
57 4328
57 4329
57 4330
57 4331
57 4332
57 4333
57 4334
57 4335
57 4336
57 4337
57 4338
57 4339
57 4340
57 4341
57 4342
57 4343
57 4344
57 4345
57 4346
57 4347
57 4348
57 4349
57 4350
57 4351
57 4352
57 4353
57 4354
57 4355
57 4356
57 4357
57 4358
57 4359
57 4364
57 4365
57 4366
57 4367
57 4368
57 4369
57 4370
57 4371
57 4372
57 4373
57 4374
57 4375
57 4376
57 4377
57 4378
57 4379
57 4380
57 4381
57 4382
57 4383
57 4384
57 4385
57 4386
57 4387
57 4388
57 4389
57 4390
57 4391
57 4392
57 4393
57 4394
57 4395
57 4396
57 4397
57 4398
57 4399
57 4400
57 4401
57 4402
57 4403
57 4404
57 4405
57 4406
57 4407
57 4408
57 4409
57 4410
57 4411
57 4412
57 4413
57 4414
57 4415
57 4416
57 4417
57 4418
57 4419
57 4420
57 4421
57 4422
57 4423
57 4424
57 4425
57 4426
57 4427
57 4428
57 4429
57 4430
57 4431
57 4432
57 4433
57 4434
57 4435
57 4436
57 4437
57 4438
57 4439
57 4440
57 4441
57 4442
57 4443
57 4444
57 4445
57 4446
57 4447
57 4448
57 4449
57 4450
57 4451
57 4452
57 4453
57 4454
57 4456
57 4457
57 4458
57 4459
57 4460
57 4461
57 4462
57 4463
57 4464
57 4465
57 4466
57 4467
57 4468
57 4469
57 4470
57 4471
57 4472
57 4473
57 4474
57 4475
57 4476
57 4477
57 4478
57 4479
57 4480
57 4481
57 4482
57 4483
57 4484
57 4485
57 4486
57 4487
57 4488
57 4489
57 4490
57 4491
57 4492
57 4493
57 4494
57 4495
57 4496
57 4497
57 4498
57 4499
57 4500
57 4501
57 4502
57 4503
57 4504
57 4505
57 4506
57 4507
57 4508
57 4509
57 4510
57 4511
57 4512
57 4513
57 4514
57 4515
57 4516
57 4517
57 4518
57 4519
57 4520
57 4521
57 4522
57 4523
57 4524
57 4525
57 4526
57 4527
57 4528
57 4529
57 4530
57 4531
57 4532
57 4533
57 4534
57 4535
57 4536
57 4537
57 4538
57 4539
57 4540
57 4541
57 4542
57 4543
57 4544
57 4545
57 4546
57 4547
57 4548
57 4549
57 4550
57 4551
57 4552
57 4553
57 4554
57 4555
57 4556
57 4557
57 4558
57 4559
57 4560
57 4561
57 4562
57 4563
57 4564
57 4565
57 4566
57 4567
57 4568
57 4569
57 4570
57 4571
57 4572
57 4573
57 4574
57 4575
57 4576
57 4577
57 4578
57 4579
57 4580
57 4581
57 4582
57 4583
57 4584
57 4585
57 4586
57 4587
57 4588
57 4589
57 4590
57 4591
57 4592
57 4593
57 4594
57 4595
57 4596
57 4597
57 4598
57 4599
57 4600
57 4601
57 4602
57 4603
57 4604
57 4605
57 4606
57 4607
57 4608
57 4609
57 4610
57 4611
57 4612
57 4613
57 4614
57 4615
57 4616
57 4618
57 4619
57 4620
57 4621
57 4622
57 4623
57 4624
57 4625
57 4626
57 4627
57 4628
57 4629
57 4630
57 4631
57 4632
57 4633
57 4634
57 4635
57 4636
57 4637
57 4638
57 4639
57 4640
57 4641
57 4642
57 4643
57 4644
57 4645
57 4646
57 4647
57 4648
57 4649
57 4650
57 4651
57 4652
57 4653
57 4654
57 4655
57 4656
57 4657
57 4658
57 4659
57 4660
57 4661
57 4662
57 4664
57 4665
57 4666
57 4667
57 4668
57 4669
57 4670
57 4671
57 4672
57 4673
57 4674
57 4675
57 4676
57 4677
57 4678
57 4679
57 4680
57 4681
57 4682
57 4683
57 4684
57 4685
57 4686
57 4687
57 4688
57 4689
57 4690
57 4691
57 4692
57 4693
57 4694
57 4695
57 4696
57 4697
57 4698
57 4699
57 4700
57 4701
57 4702
57 4703
57 4704
57 4705
57 4706
57 4707
57 4708
57 4709
57 4710
57 4711
57 4712
57 4713
57 4714
57 4715
57 4716
57 4717
57 4718
57 4719
58 56
59 56
59 299
60 58
60 59
60 195
61 58
61 59
61 65
61 195
61 1124
61 1403
61 1992
61 2328
61 2389
61 2390
61 2621
61 2642
61 2664
61 2705
61 3019
61 3020
61 3316
61 3343
61 3360
61 4740
61 4767
61 4769
61 4770
61 4772
61 4775
61 4834
61 4835
61 4933
61 4934
61 4935
61 4936
61 4937
61 4938
61 4939
61 4940
61 4941
61 4942
61 4943
61 4944
61 4945
61 4946
61 4947
61 4951
61 4952
61 4956
61 4959
61 4960
61 4961
61 4962
61 4963
61 4964
61 4965
61 4966
61 4968
61 4972
61 4973
61 4974
61 4976
61 4977
61 4978
61 4979
61 4980
61 4981
61 4982
61 4983
61 4984
61 4985
61 4986
61 4987
61 4988
61 4989
61 4990
61 4991
61 4992
61 4993
61 4994
61 4995
61 4996
61 4997
61 4998
61 4999
61 5000
61 5001
61 5002
61 5003
61 5004
61 5005
61 5006
61 5007
61 5008
61 5009
61 5010
61 5011
61 5995
61 6417
62 59
63 62
63 1125
63 1739
63 2242
63 2399
64 65
65 65
65 71
65 500
65 649
65 1169
65 1223
65 1244
65 1813
65 1814
65 1815
65 1816
65 1817
65 1818
65 1820
65 1821
65 1822
65 1823
65 1824
65 1826
65 1827
65 1829
65 1830
65 1831
65 4930
65 4931
65 4932
66 86
67 89
68 89
68 105
68 1252
68 4908
68 4926
69 89
70 89
71 89
71 2399
72 89
72 868
72 2399
72 2401
72 2414
72 4926
73 89
73 301
73 303
73 868
73 1252
73 1608
73 2394
73 2399
73 2401
73 4199
73 4912
73 4926
74 89
74 997
74 1252
74 2399
75 89
75 997
75 2399
76 89
77 89
77 105
77 253
77 289
77 301
77 575
77 577
77 581
77 589
77 997
77 1184
77 1304
77 1858
77 1922
77 2179
77 2190
77 2196
77 2197
77 2394
77 2399
77 2400
77 2401
77 2402
77 2412
77 2415
77 2416
77 4199
77 4908
77 4914
77 4926
78 89
78 2394
78 2400
78 2410
78 2412
78 4920
78 4921
79 89
79 2401
79 2412
80 89
80 105
80 113
80 301
80 1184
80 1252
80 2399
80 2400
80 2401
80 2415
80 2416
80 4911
80 4912
80 4913
80 4914
81 89
81 868
81 2394
81 2399
82 89
82 105
82 301
82 868
82 874
82 997
82 1184
82 1252
82 1858
82 2276
82 2277
82 2394
82 2396
82 2397
82 2398
82 2399
82 2400
82 2401
82 2410
82 2412
82 2416
82 2417
82 2418
82 2419
82 2420
82 4199
82 4910
82 4915
82 4916
82 4917
82 4920
82 4921
82 4923
82 4924
82 4926
83 89
83 868
83 1184
83 2394
83 2399
83 2403
83 2404
84 89
85 89
85 105
85 874
85 1184
85 1858
85 2394
85 2395
85 2396
85 2398
85 2399
85 2400
85 2401
85 2404
85 2410
85 2411
85 2412
85 2413
85 2414
85 2416
85 2418
85 2419
85 2420
85 4910
85 4915
85 4916
85 4917
85 4918
85 4919
85 4920
85 4921
85 4926
86 89
86 301
86 1296
86 2394
86 2399
87 89
87 2399
87 2401
87 2410
88 89
88 2412
89 89
89 2394
89 2401
89 2410
90 89
90 1184
90 2394
90 2410
91 98
92 98
92 107
92 129
92 130
92 159
92 536
92 985
92 1187
92 1614
93 105
94 105
94 997
95 105
95 997
95 2394
95 2399
96 105
97 105
98 105
99 105
100 105
101 105
102 105
102 997
102 1252
102 2394
103 105
103 1184
103 1922
103 2399
103 2400
103 2401
103 2412
103 4926
104 107
104 872
105 107
105 280
106 107
106 872
107 107
107 280
107 301
107 868
107 872
107 880
107 1252
107 1858
108 107
109 107
109 872
110 107
110 872
110 2295
111 107
111 872
112 107
112 280
112 301
112 880
113 107
113 301
113 872
114 107
114 872
115 107
116 107
117 107
118 107
119 107
120 107
121 107
122 107
122 280
122 301
122 872
122 880
123 107
123 280
123 880
123 1858
123 2411
124 107
125 107
125 1858
125 2411
126 107
127 107
127 1996
127 1997
127 1998
127 1999
127 2000
127 2001
127 2027
127 2028
127 2036
127 2037
127 2038
127 2039
127 2040
127 2086
127 2251
127 2274
127 2278
127 2279
127 2285
127 2295
128 107
129 107
129 2100
130 107
131 107
132 107
133 107
134 107
135 107
136 107
137 107
138 107
138 868
138 872
138 2280
138 2281
138 2282
138 2283
139 107
139 868
139 872
140 107
140 872
141 107
141 2411
142 107
142 872
143 107
143 872
143 2280
143 2281
143 2282
143 2283
143 2284
144 107
145 107
145 2411
146 107
147 107
147 113
148 107
148 872
148 2281
148 2282
149 107
149 872
149 880
149 1858
149 2398
149 2411
150 107
150 280
150 301
150 880
150 1858
150 2398
150 2411
151 107
151 280
151 880
152 107
152 280
152 872
152 880
152 1858
152 2411
153 107
153 868
153 872
154 107
154 872
155 107
156 107
157 107
157 2281
158 107
158 280
158 868
158 872
158 880
158 1858
158 2398
158 2411
158 4915
159 107
159 872
159 1858
160 107
160 872
160 2280
161 107
161 206
161 302
161 872
161 2093
161 2094
161 2095
161 2096
161 2097
161 2098
161 2099
161 2100
161 2101
161 2102
161 2103
161 2104
161 2105
161 2106
161 2107
161 2108
161 2109
161 2110
161 2111
161 2112
161 2113
161 2115
161 2236
161 2239
161 2240
161 2247
161 2251
161 2255
161 2275
161 2278
161 2279
161 2285
161 2291
161 2292
161 2295
161 2322
161 2335
161 2351
161 2352
162 107
163 107
163 872
163 2281
163 2282
163 2284
164 107
165 107
165 868
166 107
166 868
166 872
166 2282
167 107
167 872
168 107
168 860
168 2279
169 107
169 860
169 2094
169 2105
169 2106
169 2111
169 2113
169 2242
169 2279
169 2356
170 107
170 865
170 2274
170 2279
170 2292
170 2325
170 2356
171 107
171 872
171 1770
171 1838
171 2283
171 2550
171 2551
171 2796
172 107
172 874
172 880
172 2396
172 2418
172 2419
172 2420
172 4915
172 4916
172 4917
172 4918
172 4919
172 4920
172 4921
173 107
173 206
173 860
173 861
173 862
173 863
173 864
173 865
173 866
173 867
173 868
173 1922
173 2115
173 2241
173 2271
173 2274
173 2279
173 2289
173 2290
174 107
175 107
175 2398
175 2419
175 4920
175 4921
175 4922
176 107
177 107
177 868
178 108
178 2247
178 2271
179 113
179 4926
180 113
181 113
182 113
182 2394
182 2399
182 4199
183 130
183 159
183 872
184 130
184 2399
184 4126
184 4360
184 4361
184 4362
184 4363
185 136
185 249
185 252
185 1639
185 1640
185 1641
185 1642
186 137
186 138
186 872
187 139
188 140
189 142
189 153
189 2394
189 2399
190 150
191 150
191 2280
192 157
192 785
192 786
192 788
192 789
192 1204
192 1261
192 1262
192 1848
192 2199
192 2234
193 165
193 2319
193 2320
193 2360
193 2371
193 2372
193 2374
193 2377
193 2380
193 2382
193 2388
193 2393
193 2424
193 2437
193 2439
193 2446
193 2457
193 2470
193 2475
193 2479
193 2491
193 2552
193 2553
193 2557
194 168
195 168
195 4125
196 176
196 177
197 195
198 196
199 199
199 200
199 583
199 708
199 1741
199 1742
199 1743
199 1766
199 1783
200 201
201 204
202 206
202 2115
203 206
203 824
203 2115
203 2289
203 2290
203 2291
203 2292
203 2295
203 2346
203 2349
204 206
204 824
204 1322
204 2233
204 2239
204 2242
204 2248
204 2251
204 2252
204 2257
204 2271
204 2322
204 2337
204 2338
204 2345
205 206
205 656
205 657
205 658
205 791
205 792
205 1476
205 1749
205 1750
205 2103
205 2115
205 2237
205 2251
205 2406
206 206
206 1050
206 1291
206 1300
206 1317
206 1580
206 1584
206 1603
206 1726
206 1732
206 1751
206 1754
206 1763
206 1771
206 1781
206 1796
206 1798
206 1811
206 1812
206 1819
206 1828
206 1844
206 1873
206 1874
206 1875
206 1876
206 1886
206 1949
206 1950
206 1981
206 1984
206 1993
206 2093
206 2094
206 2095
206 2096
206 2098
206 2099
206 2100
206 2101
206 2103
206 2104
206 2105
206 2106
206 2107
206 2108
206 2109
206 2111
206 2112
206 2114
206 2115
206 2116
206 2117
206 2118
206 2235
206 2236
206 2237
206 2240
206 2242
206 2247
206 2249
206 2251
206 2252
206 2253
206 2271
207 206
207 824
207 825
207 2115
207 2117
207 2118
207 2119
207 2233
207 2245
207 2248
207 2254
207 2255
207 2271
208 206
208 824
208 2115
208 2251
209 206
209 824
209 2241
209 2246
209 2251
210 209
210 214
210 297
210 525
210 529
210 531
210 533
210 691
210 793
210 1318
210 1319
210 1320
210 1321
210 1322
210 1323
210 1324
210 1325
210 1326
210 1327
210 1328
210 1329
210 1330
210 1331
210 1332
210 1333
210 1334
210 1335
210 1336
210 1337
210 1338
210 1339
210 1341
210 1342
210 1343
210 1344
210 1345
210 1346
210 1347
210 1348
210 1349
210 1350
210 1351
210 1352
210 1353
210 1354
210 1355
210 1356
210 1357
210 1358
210 1359
210 1360
210 1361
210 1362
210 1363
210 1364
210 1365
210 1366
210 1367
210 1368
210 1369
210 1370
210 1371
210 1372
210 1373
210 1374
210 1375
210 1376
210 1389
210 1391
210 1393
210 1395
210 1396
210 1397
210 1398
210 1399
210 1400
210 1401
210 1402
210 1403
210 1404
210 1405
210 1406
210 1407
210 1408
210 1409
210 1410
210 1411
210 1412
210 1413
210 1414
210 1415
210 1416
210 1417
210 1418
210 1419
210 1420
210 1421
210 1422
210 1423
210 1430
210 1431
210 1432
210 1433
210 1434
210 1435
210 1436
210 1437
210 1438
210 1439
210 1440
210 1441
210 1442
210 1443
210 1444
210 1445
210 1446
210 1447
210 1448
210 1449
210 1450
210 1451
210 1452
210 1453
210 1454
210 1455
210 1456
210 1457
210 1458
210 1459
210 1460
210 1461
210 1462
210 1463
210 1464
210 1465
210 1466
210 1467
210 1468
210 1469
210 1470
210 1471
210 1472
210 1473
210 1474
210 1475
210 1476
210 1477
210 1478
210 1479
210 1480
210 1481
210 1482
210 1483
210 1484
210 1485
210 1486
210 1487
210 1488
210 1489
210 1490
210 1491
210 1492
210 1493
210 1494
210 1495
210 1496
210 1497
210 1498
210 1499
210 1500
210 1501
210 1502
210 1503
210 1504
210 1505
210 1506
210 1507
210 1508
210 1509
210 1510
210 1511
210 1512
210 1513
210 1514
210 1515
210 1516
210 1517
210 1518
210 1519
210 1520
210 1521
210 1522
210 1523
210 1524
210 1525
210 1526
210 1527
210 1528
210 1529
210 1530
210 1531
210 1532
210 1533
210 1534
210 1535
210 1536
210 1537
210 1538
210 1539
210 1540
210 1541
210 1542
210 1543
210 1544
210 1545
210 1546
210 1547
210 1548
210 1549
210 1550
210 1551
210 1552
210 1553
210 1554
210 1555
210 1556
210 1557
210 1558
210 1559
210 1560
210 1561
210 1562
210 1563
210 1564
210 1565
210 1566
210 1567
210 1568
210 1569
210 1570
210 1571
210 1572
210 1573
210 1574
210 1575
210 1576
210 1577
210 1578
210 1579
211 220
212 221
213 280
213 301
214 280
214 880
215 280
216 280
217 280
217 880
218 280
219 280
219 880
220 280
221 280
221 880
222 289
222 857
222 1298
222 1299
222 1301
222 1302
222 1303
222 1304
222 1305
222 1306
222 1307
222 1308
222 1309
222 1310
222 1311
222 1312
222 1313
222 1314
222 1315
222 1316
222 1340
222 1377
222 1379
222 1380
222 1381
222 1385
222 1386
222 1387
222 1388
222 1390
222 1392
222 1394
222 1427
222 1428
222 1429
222 1750
222 1782
222 1784
222 1785
223 289
223 656
223 657
223 658
223 707
223 774
223 857
223 1126
223 1301
223 1784
223 1799
223 1800
223 1801
223 1802
223 1803
223 1804
223 1805
223 1806
223 1807
223 1808
223 1809
223 1810
223 1970
223 4120
224 301
225 301
225 880
225 2411
226 301
227 301
228 301
229 301
230 301
231 301
232 301
233 301
234 301
234 1252
234 4913
234 4914
235 301
236 301
237 301
237 4199
238 301
238 2410
238 4199
239 302
240 303
240 4926
241 308
242 337
242 429
242 430
242 436
242 441
242 443
242 483
242 485
242 504
242 1317
242 1423
242 1732
242 1751
242 1754
242 1828
242 1876
242 1981
242 1993
242 2138
242 2202
242 2203
243 346
243 347
243 348
243 349
243 350
243 351
243 352
243 354
243 355
243 356
243 357
243 358
243 2003
243 2005
243 2006
243 2007
243 2008
243 2029
243 2030
243 2032
243 2033
243 2034
243 2037
243 2055
243 2056
243 2058
243 2059
244 401
245 404
245 407
245 2181
245 2182
245 2183
245 2184
245 2547
245 2565
245 2566
245 2567
245 2568
245 2569
245 2570
245 2571
245 2572
245 2573
245 2574
245 2575
245 2576
245 2577
245 2578
245 2579
245 2580
245 2581
245 2582
245 2583
245 2584
245 2585
245 2586
245 2587
245 2588
245 2589
245 2590
245 2591
245 2592
245 2593
245 2594
245 2595
245 2596
245 2597
245 2598
245 2599
245 2600
245 2602
245 2603
245 2604
245 2605
245 2606
245 2607
245 2608
245 2609
245 2610
245 2611
245 2612
245 2613
245 2614
245 2615
245 2616
245 2617
245 2618
245 2619
245 2620
245 2621
245 2622
245 2623
245 2624
245 2625
245 2626
245 2627
245 2628
245 2629
245 2630
245 2631
245 2632
245 2633
245 2634
245 2635
245 2636
245 2637
245 2638
245 2639
245 2640
245 2641
245 2642
245 2643
245 2644
245 2645
245 2646
245 2647
245 2648
245 2649
245 2650
245 2651
245 2652
245 2653
245 2654
245 2655
245 2656
245 2657
245 2658
245 2659
245 2660
245 2661
245 2662
245 2663
245 2664
245 2665
245 2666
245 2667
245 2668
245 2669
245 2670
245 2671
245 2672
245 2673
245 2674
245 2675
245 2676
245 2677
245 2678
245 2679
245 2680
245 2681
245 2682
245 2683
245 2684
245 2685
245 2686
245 2687
245 2688
245 2689
245 2690
245 2691
245 2692
245 2693
245 2694
245 2695
245 2696
245 2697
245 2698
245 2699
245 2700
245 2701
245 2702
245 2703
245 2704
245 2705
245 2706
245 2707
245 2708
245 2709
245 2710
245 2711
245 2712
245 2713
245 2714
245 2715
245 2716
245 2717
245 2718
245 2719
245 2720
245 2721
245 2722
245 2723
245 2724
245 2725
245 2726
245 2727
245 2728
245 2729
245 2730
245 2731
245 2732
245 2733
245 2734
245 2735
245 2736
245 2737
245 2738
245 2739
245 2740
245 2741
245 2742
245 2743
245 2744
245 2745
245 2746
245 2747
245 2748
245 2749
245 2750
245 2751
245 2752
245 2753
245 2754
245 2755
245 2756
245 2757
245 2758
245 2759
245 2760
245 2761
245 2762
245 2763
245 2764
245 2765
245 2766
245 2767
245 2768
245 2769
245 2770
245 2771
245 2772
245 2773
245 2774
245 2775
245 2776
245 2777
245 2778
245 2779
245 2780
245 2781
245 2782
245 2783
245 2784
245 2785
245 2786
245 2787
245 2788
245 2789
245 2790
245 3017
245 3019
245 3020
245 3021
245 3022
245 3023
245 3024
245 3025
245 3026
245 3027
245 3028
245 3029
245 3030
245 3031
245 3032
245 3033
245 3034
245 3035
245 3036
245 3037
245 3038
245 3039
245 3040
245 3041
245 3042
245 3043
245 3044
245 3045
245 3046
245 3047
245 3048
245 3049
245 3050
245 3051
245 3052
245 3053
245 3054
245 3055
245 3056
245 3057
245 3058
245 3059
245 3060
245 3061
245 3062
245 3063
245 3064
245 3065
245 3066
245 3067
245 3068
245 3069
245 3070
245 3071
245 3072
245 3073
245 3074
245 3075
245 3076
245 3077
245 3078
245 3079
245 3080
245 3081
245 3082
245 3083
245 3084
245 3085
245 3086
245 3087
245 3088
245 3089
245 3090
245 3091
245 3092
245 3093
245 3094
245 3095
245 3096
245 3097
245 3098
245 3099
245 3100
245 3101
245 3102
245 3103
245 3104
245 3105
245 3106
245 3107
245 3108
245 3109
245 3110
245 3111
245 3112
245 3113
245 3114
245 3115
245 3116
245 3117
245 3118
245 3119
245 3120
245 3121
245 3122
245 3123
245 3124
245 3125
245 3126
245 3127
245 3128
245 3490
245 3491
245 3492
245 3493
245 3494
245 3495
245 3496
245 3497
245 3498
245 3499
245 3500
245 3501
245 3502
245 3503
245 3504
245 3505
246 410
246 411
247 421
247 1786
247 1787
247 1788
247 1789
247 2284
248 492
248 1772
248 1773
248 1774
248 1775
248 1776
248 1777
248 1778
248 1779
248 2118
248 2233
248 2248
248 2254
249 504
250 505
250 1585
250 1643
250 1646
250 1647
250 1648
250 1649
250 1650
250 1651
250 1652
250 1653
250 1654
250 1655
250 1656
250 1657
250 1658
250 1659
250 1660
250 1661
250 1662
250 1663
250 1664
250 1665
250 1666
250 1667
250 1668
250 1669
250 1670
250 1671
250 1672
250 1673
250 1674
250 1675
250 1676
250 1677
250 1678
250 1679
250 1680
250 1681
250 1682
250 1683
250 1684
250 1685
250 1686
250 1687
250 1688
250 1689
250 1690
250 1691
250 1692
250 1693
250 1694
250 1695
250 1696
250 1697
250 1698
250 1699
250 1700
250 1701
250 1702
250 1703
250 1704
250 1705
250 1706
250 1707
250 1708
250 1709
250 1710
250 1711
250 1712
250 1713
250 1714
250 1715
250 1716
250 1717
250 1718
250 1719
250 1720
250 1721
250 1722
250 1723
250 1724
251 570
252 574
252 575
252 576
252 577
252 578
252 579
252 580
252 581
252 582
252 2800
252 2801
252 2802
252 2803
252 2804
252 2805
252 2806
252 2807
252 2810
252 2811
252 2812
252 2813
252 2814
252 2815
252 2816
252 2817
252 2818
252 2819
252 2820
252 2821
252 2822
252 2823
252 2824
252 2825
252 2826
252 2827
252 2828
252 2829
252 2830
252 2831
252 2832
252 2833
252 2834
252 2835
252 2836
252 2837
252 2838
252 2839
252 2840
252 2841
252 2842
252 2843
252 2844
252 2845
252 2846
252 2847
252 2848
252 2849
252 2850
252 2851
252 2852
252 2853
252 2854
252 2855
252 2856
252 2857
252 2858
252 2859
252 2860
252 2861
252 2862
252 2863
252 2864
252 2865
252 2866
252 2867
252 2868
252 2869
252 2870
252 2871
252 2872
252 2873
252 2874
252 2875
252 2876
252 2877
252 2878
252 2879
252 2880
252 2881
252 2882
252 2883
252 2884
252 2885
252 2886
252 2887
252 2888
252 2889
252 2890
252 2891
252 2892
252 2893
252 2894
252 2895
252 2896
252 2897
252 2898
252 2899
252 2900
252 2901
252 2902
252 2903
252 2904
252 2905
252 2906
252 2907
252 2908
252 2909
252 2910
252 2911
252 2912
252 2913
252 2914
252 2915
252 2916
252 2917
252 2918
252 2919
252 2920
252 2921
252 2922
252 2923
252 2924
252 2925
252 2926
252 2927
252 2928
252 2929
252 2930
252 2931
252 2932
252 2933
252 2934
252 2935
252 2936
252 2937
252 2938
252 2939
252 2940
252 2941
252 2942
252 2943
252 2944
252 2945
252 2946
252 2947
252 2948
252 2949
252 2950
252 2951
252 2952
252 2953
252 2954
252 2956
252 2957
252 2958
252 2959
252 2960
252 2961
252 2962
252 2963
252 2964
252 2965
252 2966
252 2967
252 2968
252 2969
252 2970
252 2971
252 2972
252 2973
252 2974
252 2975
252 2976
252 2977
252 2978
252 2979
252 2980
252 2981
252 2982
252 2983
252 2984
252 2985
252 2986
252 2987
252 2988
252 2989
252 2990
252 2991
252 2992
252 2993
252 2994
252 2995
252 2996
252 2997
252 2998
252 2999
252 3000
252 3001
252 3002
252 3003
252 3004
252 3005
252 3006
252 3007
252 3008
252 3009
252 3010
252 3011
252 3012
252 3013
252 3014
252 3015
252 3016
252 3129
252 3130
252 3131
252 3132
252 3133
252 3134
252 3135
252 3136
252 3137
252 3138
252 3139
252 3140
252 3141
252 3142
252 3143
252 3144
252 3145
252 3146
252 3147
252 3148
252 3149
252 3150
252 3151
252 3152
252 3153
252 3154
252 3155
252 3156
252 3157
252 3158
252 3159
252 3160
252 3161
252 3162
252 3163
252 3164
252 3165
252 3166
252 3167
252 3168
252 3169
252 3170
252 3171
252 3172
252 3173
252 3174
252 3175
252 3176
252 3177
252 3178
252 3179
252 3180
252 3181
252 3182
252 3183
252 3184
252 3185
252 3186
252 3187
252 3188
252 3189
252 3190
252 3191
252 3192
252 3193
252 3194
252 3195
252 3196
252 3197
252 3198
252 3199
252 3200
252 3201
252 3202
252 3203
252 3204
252 3205
252 3206
252 3207
252 3208
252 3209
252 3210
252 3211
252 3212
252 3213
252 3214
252 3215
252 3216
252 3217
252 3218
252 3219
252 3220
252 3221
252 3222
252 3223
252 3224
252 3225
252 3226
252 3227
252 3228
252 3229
252 3230
252 3231
252 3232
252 3233
252 3234
252 3235
252 3236
252 3237
252 3238
252 3239
252 3240
252 3241
252 3242
252 3243
252 3244
252 3245
252 3246
252 3247
252 3248
252 3249
252 3250
252 3251
252 3252
252 3253
252 3254
252 3255
252 3256
252 3257
252 3258
252 3259
252 3260
252 3261
252 3262
252 3263
252 3264
252 3265
252 3266
252 3267
252 3268
252 3269
252 3270
252 3271
252 3272
252 3273
252 3274
252 3275
252 3276
252 3277
252 3278
252 3279
252 3280
252 3281
252 3282
252 3283
252 3284
252 3285
252 3286
252 3287
252 3288
252 3289
252 3290
252 3291
252 3292
252 3293
252 3294
252 3295
252 3296
252 3297
252 3298
252 3299
252 3300
252 3301
252 3302
252 3303
252 3304
252 3305
252 3306
252 3307
252 3308
252 3309
252 3310
252 3311
252 3312
252 3313
252 3314
252 3315
252 3316
252 3317
252 3318
252 3319
252 3320
252 3321
252 3322
252 3323
252 3324
252 3325
252 3326
252 3327
252 3328
252 3329
252 3330
252 3331
252 3332
252 3333
252 3334
252 3335
252 3336
252 3337
252 3338
252 3339
252 3340
252 3341
252 3342
252 3343
252 3344
252 3345
252 3346
252 3347
252 3348
252 3349
252 3350
252 3351
252 3352
252 3353
252 3354
252 3355
252 3356
252 3357
252 3358
252 3359
252 3360
252 3361
252 3362
252 3363
252 3364
252 3365
252 3366
252 3367
252 3368
252 3369
252 3370
252 3371
252 3372
252 3373
252 3374
252 3375
252 3376
252 3377
252 3378
252 3379
252 3380
252 3381
252 3382
252 3383
252 3384
252 3385
252 3386
252 3387
252 3388
252 3389
252 3390
252 3391
252 3392
252 3393
252 3394
252 3395
252 3396
252 3397
252 3398
252 3399
252 3400
252 3401
252 3402
252 3403
252 3404
252 3405
252 3406
252 3407
252 3408
252 3409
252 3410
252 3411
252 3412
252 3413
252 3414
252 3415
252 3416
252 3417
252 3418
252 3419
252 3420
252 3421
252 3422
252 3423
252 3424
252 3425
252 3426
252 3427
252 3428
252 3429
252 3430
252 3431
252 3432
252 3433
252 3434
252 3435
252 3436
252 3437
252 3438
252 3439
252 3440
252 3441
252 3442
252 3443
252 3444
252 3445
252 3446
252 3447
252 3448
252 3449
252 3450
252 3451
252 3452
252 3453
252 3454
252 3455
252 3456
252 3457
252 3458
252 3459
252 3460
252 3461
252 3462
252 3463
252 3464
252 3465
252 3466
252 3467
252 3468
252 3469
252 3470
252 3471
252 3472
252 3473
252 3474
252 3475
252 3476
252 3477
252 3478
252 3479
252 3480
252 3481
252 3482
252 3483
252 3484
252 3485
252 3486
253 587
253 2394
253 4923
254 591
254 592
255 612
256 689
257 690
258 744
259 782
260 790
261 791
261 792
262 824
262 2248
263 854
263 855
263 1862
263 1863
263 1864
263 1865
263 1866
263 1867
263 1868
263 1869
263 1870
263 1871
263 1872
263 2103
264 858
264 1177
264 2399
265 860
265 2100
265 2271
266 865
266 2336
266 2338
266 2339
266 2340
266 2349
267 868
268 868
269 868
270 868
271 868
272 868
273 868
274 868
275 868
276 868
277 868
278 868
278 2399
279 868
280 868
281 868
282 868
283 868
284 868
285 868
286 868
287 868
288 868
289 868
290 868
291 868
292 868
293 868
294 868
295 868
296 868
297 868
298 868
299 868
300 868
301 868
302 868
303 868
303 872
304 868
305 868
306 868
306 1252
307 868
308 868
309 868
310 868
311 868
312 868
313 868
313 880
314 868
314 997
315 868
315 4199
316 868
316 4913
317 868
318 868
319 868
319 872
319 2411
320 868
320 2399
321 868
322 868
322 872
322 2396
323 868
324 868
325 868
325 2282
326 868
327 872
328 872
329 872
330 872
331 872
332 872
333 872
334 872
335 872
336 872
337 872
338 872
339 872
340 872
341 872
342 872
343 872
344 872
345 872
346 872
347 872
348 872
349 872
350 872
351 872
352 872
353 872
354 872
354 2398
355 872
356 872
357 872
358 872
359 872
360 872
361 872
362 872
363 872
364 872
365 872
366 872
367 874
368 880
369 880
370 880
371 880
372 880
373 880
374 880
375 880
376 997
377 997
378 997
379 997
380 997
380 1922
380 2412
380 4199
381 997
382 997
383 1015
383 1056
383 1127
383 1128
383 1728
383 1729
383 1730
383 1731
384 1017
385 1114
385 4647
386 1125
386 2498
386 2499
387 1184
388 1184
388 4923
389 1198
389 1581
389 1582
389 1602
390 1217
391 1252
391 2399
391 4926
392 1252
393 1252
394 1252
395 1252
396 1252
397 1252
398 1252
399 1294
400 1297
400 4774
400 4871
400 4889
400 4890
401 1382
401 1383
402 1475
403 1586
404 1602
404 1604
405 1612
405 4908
406 1645
406 1646
407 1654
407 1725
407 2399
408 1738
408 1744
409 1739
410 1745
410 2170
410 2171
410 4744
411 1748
412 1764
412 1765
413 1780
414 1790
414 1878
414 1880
415 1825
415 1832
416 1835
416 2282
417 1852
417 1853
418 1852
418 1853
418 2156
418 2157
419 1852
419 1853
419 2158
419 2159
420 1858
421 1858
422 1858
423 1858
424 1858
425 1858
426 1858
426 1953
427 1879
427 2167
427 2168
427 2194
427 2198
427 2229
427 2230
427 2544
427 2545
427 4122
427 4123
428 1881
429 1882
430 1883
430 1884
431 1885
432 1887
433 1888
434 1889
434 1982
435 1890
436 1891
436 1892
436 1893
436 1894
436 1895
436 1896
436 1897
436 1898
436 1899
436 1900
436 1901
436 1902
436 2172
436 6426
436 6427
436 6428
436 6429
436 6430
436 6431
436 6432
436 6433
436 6434
436 6435
436 6436
436 6437
436 6438
436 6439
436 6440
436 6441
436 6442
436 6443
436 6444
436 6445
436 6446
436 6447
436 6448
436 6449
436 6578
436 6579
436 6580
436 6581
436 6582
436 6583
436 6584
436 6585
437 1903
438 1904
439 1904
439 2127
440 1904
441 1904
441 2210
441 2211
441 2212
441 2213
441 2214
441 2220
441 2221
441 2223
442 1944
443 1945
443 4742
444 1948
445 1971
445 1972
446 1975
447 1978
448 1980
449 1983
450 1986
450 1991
451 1987
452 1988
453 1989
453 1990
454 1992
454 4970
455 1992
456 1994
457 1996
457 1999
457 2027
457 2028
457 2039
457 2040
457 2086
457 2093
457 2094
457 2098
457 2099
457 2101
457 2102
457 2103
457 2104
457 2105
457 2111
457 2112
457 2241
457 2244
457 2249
457 2251
457 2271
458 1999
458 2035
458 2039
458 2235
458 2236
458 2237
459 2002
459 2018
460 2004
460 2009
460 2010
460 2011
460 2012
460 2013
460 2014
460 2041
460 2042
460 2043
460 2044
460 2045
460 2046
460 2068
460 2069
460 2070
460 2071
460 2084
460 2085
461 2015
462 2016
463 2034
464 2034
465 2034
466 2034
466 2061
467 2034
467 2064
467 2065
468 2034
469 2035
470 2079
471 2079
472 2079
473 2082
474 2086
475 2086
476 2093
476 2094
476 2095
476 2096
476 2097
476 2098
476 2099
476 2100
476 2101
476 2102
476 2103
476 2104
476 2105
476 2106
476 2107
476 2108
476 2109
476 2110
476 2112
476 2113
476 2114
476 2116
476 2239
476 2244
476 2249
476 2250
476 2252
477 2093
477 2098
477 2099
477 2100
477 2101
477 2103
477 2104
477 2105
477 2111
477 2112
477 2247
477 2249
477 2250
477 2251
477 2322
477 2326
478 2093
478 2237
479 2094
480 2095
480 2116
481 2099
482 2100
483 2100
484 2100
484 2271
485 2100
485 2271
486 2100
487 2100
488 2100
489 2102
489 2103
489 2104
489 2109
489 2115
489 2116
489 2118
490 2103
491 2103
492 2105
492 2111
493 2105
494 2111
494 2250
494 2295
494 2351
495 2112
495 2251
495 2610
495 2611
495 2798
495 2799
495 3136
495 3138
495 3139
495 3140
495 3141
495 3142
495 3143
496 2120
497 2123
497 2124
497 2125
497 2132
497 2135
497 2138
497 2140
497 2141
497 2142
497 2143
497 2161
497 2164
497 2169
497 2185
497 2187
497 2191
497 2204
497 2215
497 2218
497 2226
497 2231
497 2232
497 2300
497 2301
497 2316
497 2321
497 2373
497 2409
497 2447
497 2458
497 2461
497 2465
497 2511
497 2542
497 2543
497 2548
497 2554
497 2601
497 2794
497 2797
497 2809
497 2955
497 3018
497 3487
497 3506
497 4119
497 4121
497 4124
497 4455
497 4617
497 4663
497 4721
497 4722
497 4723
497 4726
497 4727
497 4728
497 4730
497 4739
497 4768
497 4776
497 4777
497 4778
497 4779
497 4780
497 4781
497 4782
497 4783
497 4784
497 4785
497 4786
497 4787
497 4788
497 4789
497 4790
497 4791
497 4792
497 4793
497 4794
497 4795
497 4796
497 4797
497 4798
497 4799
497 4800
497 4801
497 4802
497 4803
497 4804
497 4805
497 4806
497 4807
497 4808
497 4809
497 4810
497 4811
497 4812
497 4813
497 4814
497 4815
497 4816
497 4817
497 4818
497 4819
497 4820
497 4821
497 4822
497 4823
497 4824
497 4825
497 4826
497 4827
497 4828
497 4829
497 4830
497 4831
497 4832
497 4833
497 4836
497 4872
497 4874
497 4875
497 4876
497 4877
497 4878
497 4879
497 4880
497 4881
497 4882
497 4883
497 4884
497 4885
497 4891
497 4892
497 4893
497 4894
497 4895
497 4896
497 4897
497 4898
497 4899
497 4900
497 4901
497 4902
497 4903
497 4904
497 4905
497 4906
497 4907
497 4929
497 4954
497 4955
497 5993
497 6586
497 6587
498 2139
499 2144
499 2795
500 2152
501 2153
501 2155
502 2162
503 2165
503 2166
504 2200
505 2205
505 2206
506 2216
506 2217
507 2224
508 2238
509 2240
509 2242
509 2326
509 2335
509 2351
510 2242
511 2242
511 2243
512 2242
513 2242
514 2247
514 2271
514 2322
514 2326
514 2327
515 2249
515 2274
516 2249
517 2251
518 2251
518 2253
519 2267
519 2428
519 2429
519 2430
519 2431
519 2432
519 2433
519 2434
520 2271
521 2271
522 2271
523 2271
524 2271
525 2271
526 2271
527 2271
528 2276
528 2277
529 2276
529 2277
530 2276
531 2276
532 2276
533 2277
534 2280
535 2280
535 2284
536 2280
537 2281
538 2282
539 2282
539 2284
540 2283
540 2284
541 2283
541 2284
542 2284
543 2284
544 2289
545 2290
546 2295
547 2302
548 2310
549 2317
549 2318
550 2322
550 2356
551 2322
552 2322
553 2322
554 2340
555 2341
556 2361
556 2498
556 4741
556 4745
556 4746
556 4747
556 4748
556 4749
556 4750
556 4751
556 4752
556 4753
556 4754
556 4755
556 4756
556 4757
556 4758
556 4759
556 4760
556 4761
556 4762
556 4763
556 4764
556 4765
556 4766
556 4767
557 2364
558 2375
558 2381
558 2423
558 2474
558 2478
558 2479
559 2375
559 2380
559 2383
559 2384
559 2385
559 2386
559 2387
559 2389
559 2390
559 2391
559 2392
559 2393
559 2405
559 2408
559 2421
559 2422
559 2425
559 2426
559 2427
559 2435
559 2436
559 2438
559 2440
559 2441
559 2442
559 2443
559 2444
559 2448
559 2449
559 2450
559 2451
559 2452
559 2453
559 2454
559 2455
559 2456
559 2459
559 2460
559 2462
559 2463
559 2464
559 2466
559 2467
559 2469
559 2471
559 2472
559 2473
559 2476
559 2477
559 2480
559 2481
559 2482
559 2483
559 2484
559 2485
559 2486
559 2487
559 2492
559 2493
559 2494
559 2495
559 2497
559 2504
559 2505
559 2506
559 2507
559 2508
559 2509
559 2510
559 2512
559 2513
559 2514
559 2515
559 2516
559 2517
559 2518
559 2519
559 2520
559 2521
559 2522
559 2523
559 2529
559 2530
559 2531
559 2549
559 2555
560 2391
560 2392
561 2394
562 2394
563 2394
564 2394
564 2399
565 2394
566 2394
567 2394
567 2399
568 2394
568 2401
569 2394
569 2399
570 2394
571 2394
572 2394
572 2399
573 2394
574 2394
575 2394
576 2395
576 2410
576 2412
577 2395
578 2397
578 2398
578 2411
579 2398
580 2398
581 2398
582 2398
582 4922
583 2398
584 2399
584 2400
585 2399
586 2399
587 2399
588 2399
589 2399
590 2399
590 2401
591 2399
592 2399
593 2399
594 2399
595 2399
596 2399
596 2400
596 2416
597 2399
597 2416
598 2399
599 2399
600 2399
601 2399
602 2399
603 2399
604 2399
605 2399
606 2399
607 2399
608 2400
608 2401
608 4910
609 2400
610 2401
611 2401
612 2401
613 2401
613 4908
614 2401
615 2401
615 4914
616 2401
617 2410
618 2410
619 2410
620 2410
621 2410
622 2410
623 2411
624 2411
625 2411
626 2411
627 2411
628 2412
629 2414
630 2415
631 2416
632 2416
633 2416
634 2416
635 2416
636 2416
637 2416
638 2420
639 2496
640 2558
640 2559
640 2560
640 2561
640 2562
640 2563
640 2564
641 2561
641 3489
641 3490
642 2791
643 2808
644 3488
645 3507
645 3508
645 3509
645 3510
645 3511
645 3512
645 3513
645 3514
645 3515
645 3516
645 3517
645 3518
645 3519
645 3520
645 3521
645 3522
645 3523
645 3524
645 3525
645 3526
645 3527
645 3528
645 3529
645 3530
645 3531
645 3532
645 3533
645 3534
645 3535
645 3536
645 3537
645 3538
645 3539
645 3540
645 3541
645 3542
645 3543
645 3544
645 3545
645 3546
645 3547
645 3548
645 3549
645 3550
645 3551
645 3552
645 3553
645 3554
645 3555
645 3556
645 3557
645 3558
645 3559
645 3560
645 3561
645 3562
645 3563
645 3564
645 3565
645 3566
645 3567
645 3568
645 3569
645 3570
645 3571
645 3572
645 3573
645 3574
645 3575
645 3576
645 3577
645 3578
645 3579
645 3580
645 3581
645 3582
645 3583
645 3584
645 3585
645 3586
645 3587
645 3588
645 3589
645 3590
645 3591
645 3592
645 3593
645 3594
645 3595
645 3596
645 3597
645 3598
645 3599
645 3600
645 3601
645 3602
645 3603
645 3604
645 3605
645 3606
645 3607
645 3608
645 3609
645 3610
645 3611
645 3612
645 3613
645 3614
645 3615
645 3616
645 3617
645 3618
645 3619
645 3620
645 3621
645 3622
645 3623
645 3624
645 3625
645 3626
645 3627
645 3628
645 3629
645 3630
645 3631
645 3632
645 3633
645 3634
645 3635
645 3636
645 3637
645 3638
645 3639
645 3640
645 3641
645 3642
645 3643
645 3644
645 3645
645 3646
645 3647
645 3648
645 3649
645 3650
645 3651
645 3652
645 3653
645 3654
645 3655
645 3656
645 3657
645 3658
645 3659
645 3660
645 3661
645 3662
645 3663
645 3664
645 3665
645 3666
645 3667
645 3668
645 3669
645 3670
645 3671
645 3672
645 3673
645 3674
645 3675
645 3676
645 3677
645 3678
645 3679
645 3680
645 3681
645 3682
645 3683
645 3684
645 3685
645 3686
645 3687
645 3688
645 3689
645 3690
645 3691
645 3692
645 3693
645 3694
645 3695
645 3696
645 3697
645 3698
645 3699
645 3700
645 3701
645 3702
645 3703
645 3704
645 3705
645 3706
645 3707
645 3708
645 3709
645 3710
645 3711
645 3712
645 3713
645 3714
645 3715
645 3716
645 3717
645 3718
645 3719
645 3720
645 3721
645 3722
645 3723
645 3724
645 3725
645 3726
645 3727
645 3728
645 3729
645 3730
645 3731
645 3732
645 3733
645 3734
645 3735
645 3736
645 3737
645 3738
645 3739
645 3740
645 3741
645 3742
645 3743
645 3744
645 3745
645 3746
645 3747
645 3748
645 3749
645 3750
645 3751
645 3752
645 3753
645 3754
645 3755
645 3756
645 3757
645 3758
645 3759
645 3760
645 3761
645 3762
645 3763
645 3764
645 3765
645 3766
645 3767
645 3768
645 3769
645 3770
645 3771
645 3772
645 3773
645 3774
645 3775
645 3776
645 3777
645 3778
645 3779
645 3780
645 3781
645 3782
645 3783
645 3784
645 3785
645 3786
645 3787
645 3788
645 3789
645 3790
645 3791
645 3792
645 3793
645 3794
645 3795
645 3796
645 3797
645 3798
645 3799
645 3800
645 3801
645 3802
645 3803
645 3804
645 3805
645 3806
645 3807
645 3808
645 3809
645 3810
645 3811
645 3812
645 3813
645 3814
645 3815
645 3816
645 3817
645 3818
645 3819
645 3820
645 3821
645 3822
645 3823
645 3824
645 3825
645 3826
645 3827
645 3828
645 3829
645 3830
645 3831
645 3832
645 3833
645 3834
645 3835
645 3836
645 3837
645 3838
645 3839
645 3840
645 3841
645 3842
645 3843
645 3844
645 3845
645 3846
645 3847
645 3848
645 3849
645 3850
645 3851
645 3852
645 3853
645 3854
645 3855
645 3856
645 3857
645 3858
645 3859
645 3860
645 3861
645 3862
645 3863
645 3864
645 3865
645 3866
645 3867
645 3868
645 3869
645 3870
645 3871
645 3872
645 3873
645 3874
645 3875
645 3876
645 3877
645 3878
645 3879
645 3880
645 3881
645 3882
645 3883
645 3884
645 3885
645 3886
645 3887
645 3888
645 3889
645 3890
645 3891
645 3892
645 3893
645 3894
645 3895
645 3896
645 3897
645 3898
645 3899
645 3900
645 3901
645 3902
645 3903
645 3904
645 3905
645 3906
645 3907
645 3908
645 3909
645 3910
645 3911
645 3912
645 3913
645 3914
645 3915
645 3916
645 3917
645 3918
645 3919
645 3920
645 3921
645 3922
645 3923
645 3924
645 3925
645 3926
645 3927
645 3928
645 3929
645 3930
645 3931
645 3932
645 3933
645 3934
645 3935
645 3936
645 3937
645 3938
645 3939
645 3940
645 3941
645 3942
645 3943
645 3944
645 3945
645 3946
645 3947
645 3948
645 3949
645 3950
645 3951
645 3952
645 3953
645 3954
645 3955
645 3956
645 3957
645 3958
645 3959
645 3960
645 3961
645 3962
645 3963
645 3964
645 3965
645 3966
645 3967
645 3968
645 3969
645 3970
645 3971
645 3972
645 3973
645 3974
645 3975
645 3976
645 3977
645 3978
645 3979
645 3980
645 3981
645 3982
645 3983
645 3984
645 3985
645 3986
645 3987
645 3988
645 3989
645 3990
645 3991
645 3992
645 3993
645 3994
645 3995
645 3996
645 3997
645 3998
645 3999
645 4000
645 4001
645 4002
645 4003
645 4004
645 4005
645 4006
645 4007
645 4008
645 4009
645 4010
645 4011
645 4012
645 4013
645 4014
645 4015
645 4016
645 4017
645 4018
645 4019
645 4020
645 4021
645 4022
645 4023
645 4024
645 4025
645 4026
645 4027
645 4028
645 4029
645 4030
645 4031
645 4032
645 4033
645 4034
645 4035
645 4036
645 4037
645 4038
645 4039
645 4040
645 4041
645 4042
645 4043
645 4044
645 4045
645 4046
645 4047
645 4048
645 4049
645 4050
645 4051
645 4052
645 4053
645 4054
645 4055
645 4056
645 4057
645 4058
645 4059
645 4060
645 4061
645 4062
645 4063
645 4064
645 4065
645 4066
645 4067
645 4068
645 4069
645 4070
645 4071
645 4072
645 4073
645 4074
645 4075
645 4076
645 4077
645 4078
645 4079
645 4080
645 4081
645 4082
645 4083
645 4084
645 4085
645 4086
645 4087
645 4088
645 4089
645 4090
645 4091
645 4092
645 4093
645 4094
645 4095
645 4096
645 4097
645 4098
645 4099
645 4100
645 4101
645 4102
645 4103
645 4104
645 4105
645 4106
645 4107
645 4108
645 4109
645 4110
645 4111
645 4112
645 4113
645 4114
645 4115
645 4116
646 4126
646 4908
647 4199
648 4199
649 4729
650 4731
651 4771
652 4773
653 4837
653 4838
653 4839
653 4840
653 4841
653 4842
653 4843
653 4844
653 4845
653 4846
653 4847
653 4848
653 4849
653 4850
653 4851
653 4852
653 4853
653 4854
653 4855
653 4856
653 4857
653 4858
653 4859
653 4860
653 4861
653 4862
653 4863
653 4864
653 4865
653 4866
653 4867
653 4868
653 4869
653 4870
654 4873
655 4887
656 4908
657 4908
658 4908
658 4925
659 4908
660 4908
661 4908
662 4908
663 4908
664 4908
664 4923
665 4908
666 4908
667 4909
668 4909
669 4909
670 4912
671 4912
672 4914
673 4920
674 4920
675 4923
676 4923
677 4926
678 4926
679 4926
680 4927
681 4950
682 4950
683 4953
684 4957
685 4965
685 4969
686 5012
686 5013
686 5014
686 5015
686 5016
686 5017
686 5018
686 5019
686 5020
686 5021
686 5022
686 5023
686 5024
686 5025
686 5026
686 5027
686 5028
686 5029
686 5030
686 5031
686 5032
686 5033
686 5034
686 5035
686 5036
686 5037
686 5038
686 5039
686 5040
686 5041
686 5042
686 5043
686 5044
686 5045
686 5046
686 5047
686 5048
686 5049
686 5050
686 5051
686 5052
686 5053
686 5054
686 5055
686 5056
686 5057
686 5058
686 5059
686 5060
686 5061
686 5062
686 5063
686 5064
686 5065
686 5066
686 5067
686 5068
686 5069
686 5070
686 5071
686 5072
686 5073
686 5074
686 5075
686 5076
686 5077
686 5078
686 5079
686 5080
686 5081
686 5082
686 5083
686 5084
686 5085
686 5086
686 5087
686 5088
686 5089
686 5090
686 5091
686 5092
686 5093
686 5094
686 5095
686 5096
686 5097
686 5098
686 5099
686 5100
686 5101
686 5102
686 5103
686 5104
686 5105
686 5106
686 5107
686 5108
686 5109
686 5110
686 5111
686 5112
686 5113
686 5114
686 5115
686 5116
686 5117
686 5118
686 5119
686 5120
686 5121
686 5122
686 5123
686 5124
686 5125
686 5126
686 5127
686 5128
686 5129
686 5130
686 5131
686 5132
686 5133
686 5134
686 5135
686 5136
686 5137
686 5138
686 5139
686 5140
686 5141
686 5142
686 5143
686 5144
686 5145
686 5146
686 5147
686 5148
686 5149
686 5150
686 5151
686 5152
686 5153
686 5154
686 5155
686 5156
686 5157
686 5158
686 5159
686 5160
686 5161
686 5162
686 5163
686 5164
686 5165
686 5166
686 5167
686 5168
686 5169
686 5170
686 5171
686 5172
686 5173
686 5174
686 5175
686 5176
686 5177
686 5178
686 5179
686 5180
686 5181
686 5182
686 5183
686 5184
686 5185
686 5186
686 5187
686 5188
686 5189
686 5190
686 5191
686 5192
686 5193
686 5194
686 5195
686 5196
686 5197
686 5198
686 5199
686 5200
686 5201
686 5202
686 5203
686 5204
686 5205
686 5206
686 5207
686 5208
686 5209
686 5210
686 5211
686 5212
686 5213
686 5214
686 5215
686 5216
686 5217
686 5218
686 5219
686 5220
686 5221
686 5222
686 5223
686 5224
686 5225
686 5226
686 5227
686 5228
686 5229
686 5230
686 5231
686 5232
686 5233
686 5234
686 5235
686 5236
686 5237
686 5238
686 5239
686 5240
686 5241
686 5242
686 5243
686 5244
686 5245
686 5246
686 5247
686 5248
686 5249
686 5250
686 5251
686 5252
686 5253
686 5254
686 5255
686 5256
686 5257
686 5258
686 5259
686 5260
686 5261
686 5262
686 5263
686 5264
686 5265
686 5266
686 5267
686 5268
686 5269
686 5270
686 5271
686 5272
686 5273
686 5274
686 5275
686 5276
686 5277
686 5278
686 5279
686 5280
686 5281
686 5282
686 5283
686 5284
686 5285
686 5286
686 5287
686 5288
686 5289
686 5290
686 5291
686 5292
686 5293
686 5294
686 5295
686 5296
686 5297
686 5298
686 5299
686 5300
686 5301
686 5302
686 5303
686 5304
686 5305
686 5306
686 5307
686 5308
686 5309
686 5310
686 5311
686 5312
686 5313
686 5314
686 5315
686 5316
686 5317
686 5318
686 5319
686 5320
686 5321
686 5322
686 5323
686 5324
686 5325
686 5326
686 5327
686 5328
686 5329
686 5330
686 5331
686 5332
686 5333
686 5334
686 5335
686 5336
686 5337
686 5338
686 5339
686 5340
686 5341
686 5342
686 5343
686 5344
686 5345
686 5346
686 5347
686 5348
686 5349
686 5350
686 5351
686 5352
686 5353
686 5354
686 5355
686 5356
686 5357
686 5358
686 5359
686 5360
686 5361
686 5362
686 5363
686 5364
686 5365
686 5366
686 5367
686 5368
686 5369
686 5370
686 5371
686 5372
686 5373
686 5374
686 5375
686 5376
686 5377
686 5378
686 5379
686 5380
686 5381
686 5382
686 5383
686 5384
686 5385
686 5386
686 5387
686 5388
686 5389
686 5390
686 5391
686 5392
686 5393
686 5394
686 5395
686 5396
686 5397
686 5398
686 5399
686 5400
686 5401
686 5402
686 5403
686 5404
686 5405
686 5406
686 5407
686 5408
686 5409
686 5410
686 5411
686 5412
686 5413
686 5414
686 5415
686 5416
686 5417
686 5418
686 5419
686 5420
686 5421
686 5422
686 5423
686 5424
686 5425
686 5426
686 5427
686 5428
686 5429
686 5430
686 5431
686 5432
686 5433
686 5434
686 5435
686 5436
686 5437
686 5438
686 5439
686 5440
686 5441
686 5442
686 5443
686 5444
686 5445
686 5446
686 5447
686 5448
686 5449
686 5450
686 5451
686 5452
686 5453
686 5454
686 5455
686 5456
686 5457
686 5458
686 5459
686 5460
686 5461
686 5462
686 5463
686 5464
686 5465
686 5466
686 5467
686 5468
686 5469
686 5470
686 5471
686 5472
686 5473
686 5474
686 5475
686 5476
686 5477
686 5478
686 5479
686 5480
686 5481
686 5482
686 5483
686 5484
686 5485
686 5486
686 5487
686 5488
686 5489
686 5490
686 5491
686 5492
686 5493
686 5494
686 5495
686 5496
686 5497
686 5498
686 5499
686 5500
686 5501
686 5502
686 5503
686 5504
686 5505
686 5506
686 5507
686 5508
686 5509
686 5510
686 5511
686 5512
686 5513
686 5514
686 5515
686 5516
686 5517
686 5518
686 5519
686 5520
686 5521
686 5522
686 5523
686 5524
686 5525
686 5526
686 5527
686 5528
686 5529
686 5530
686 5531
686 5532
686 5533
686 5534
686 5535
686 5536
686 5537
686 5538
686 5539
686 5540
686 5541
686 5542
686 5543
686 5544
686 5545
686 5546
686 5547
686 5548
686 5549
686 5550
686 5551
686 5552
686 5553
686 5554
686 5555
686 5556
686 5557
686 5558
686 5559
686 5560
686 5561
686 5562
686 5563
686 5564
686 5565
686 5566
686 5567
686 5568
686 5569
686 5570
686 5571
686 5572
686 5573
686 5574
686 5575
686 5576
686 5577
686 5578
686 5579
686 5580
686 5581
686 5582
686 5583
686 5584
686 5585
686 5586
686 5587
686 5588
686 5589
686 5590
686 5591
686 5592
686 5593
686 5594
686 5595
686 5596
686 5597
686 5598
686 5599
686 5600
686 5601
686 5602
686 5603
686 5604
686 5605
686 5606
686 5607
686 5608
686 5609
686 5610
686 5611
686 5612
686 5613
686 5614
686 5615
686 5616
686 5617
686 5618
686 5619
686 5620
686 5621
686 5622
686 5623
686 5624
686 5625
686 5626
686 5627
686 5628
686 5629
686 5630
686 5631
686 5632
686 5633
686 5634
686 5635
686 5636
686 5637
686 5638
686 5639
686 5640
686 5641
686 5642
686 5643
686 5644
686 5645
686 5646
686 5647
686 5648
686 5649
686 5650
686 5651
686 5652
686 5653
686 5654
686 5655
686 5656
686 5657
686 5658
686 5659
686 5660
686 5661
686 5662
686 5663
686 5664
686 5665
686 5666
686 5667
686 5668
686 5669
686 5670
686 5671
686 5672
686 5673
686 5674
686 5675
686 5676
686 5677
686 5678
686 5679
686 5680
686 5681
686 5682
686 5683
686 5684
686 5685
686 5686
686 5687
686 5688
686 5689
686 5690
686 5691
686 5692
686 5693
686 5694
686 5695
686 5696
686 5697
686 5698
686 5699
686 5700
686 5701
686 5702
686 5703
686 5704
686 5705
686 5706
686 5707
686 5708
686 5709
686 5710
686 5711
686 5712
686 5713
686 5714
686 5715
686 5716
686 5717
686 5718
686 5719
686 5720
686 5721
686 5722
686 5723
686 5724
686 5725
686 5726
686 5727
686 5728
686 5729
686 5730
686 5731
686 5732
686 5733
686 5734
686 5735
686 5736
686 5737
686 5738
686 5739
686 5740
686 5741
686 5742
686 5743
686 5744
686 5745
686 5746
686 5747
686 5748
686 5749
686 5750
686 5751
686 5752
686 5753
686 5754
686 5755
686 5756
686 5757
686 5758
686 5759
686 5760
686 5761
686 5762
686 5763
686 5764
686 5765
686 5766
686 5767
686 5768
686 5769
686 5770
686 5771
686 5772
686 5773
686 5774
686 5775
686 5776
686 5777
686 5778
686 5779
686 5780
686 5781
686 5782
686 5783
686 5784
686 5785
686 5786
686 5787
686 5788
686 5789
686 5790
686 5791
686 5792
686 5793
686 5794
686 5795
686 5796
686 5797
686 5798
686 5799
686 5800
686 5801
686 5802
686 5803
686 5804
686 5805
686 5806
686 5807
686 5808
686 5809
686 5810
686 5811
686 5812
686 5813
686 5814
686 5815
686 5816
686 5817
686 5818
686 5819
686 5820
686 5821
686 5822
686 5823
686 5824
686 5825
686 5826
686 5827
686 5828
686 5829
686 5830
686 5831
686 5832
686 5833
686 5834
686 5835
686 5836
686 5837
686 5838
686 5839
686 5840
686 5841
686 5842
686 5843
686 5844
686 5845
686 5846
686 5847
686 5848
686 5849
686 5850
686 5851
686 5852
686 5853
686 5854
686 5855
686 5856
686 5857
686 5858
686 5859
686 5860
686 5861
686 5862
686 5863
686 5864
686 5865
686 5866
686 5867
686 5868
686 5869
686 5870
686 5871
686 5872
686 5873
686 5874
686 5875
686 5876
686 5877
686 5878
686 5879
686 5880
686 5881
686 5882
686 5883
686 5884
686 5885
686 5886
686 5887
686 5888
686 5889
686 5890
686 5891
686 5892
686 5893
686 5894
686 5895
686 5896
686 5897
686 5898
686 5899
686 5900
686 5901
686 5902
686 5903
686 5904
686 5905
686 5906
686 5907
686 5908
686 5909
686 5910
686 5911
686 5912
686 5913
686 5914
686 5915
686 5916
686 5917
686 5918
686 5919
686 5920
686 5921
686 5922
686 5923
686 5924
686 5925
686 5926
686 5927
686 5928
686 5929
686 5930
686 5931
686 5932
686 5933
686 5934
686 5935
686 5936
686 5937
686 5938
686 5939
686 5940
686 5941
686 5942
686 5943
686 5944
686 5945
686 5946
686 5947
686 5948
686 5949
686 5950
686 5951
686 5952
686 5953
686 5954
686 5955
686 5956
686 5957
686 5958
686 5959
686 5960
686 5961
686 5962
686 5963
686 5964
686 5965
686 5966
686 5967
686 5968
686 5969
686 5970
686 5971
686 5972
686 5973
686 5974
686 5975
686 5976
686 5977
686 5978
686 5979
686 5980
686 5981
686 5982
686 5983
686 5984
686 5985
686 5986
686 5987
686 5988
686 5989
686 5990
686 5991
686 5992
686 5994
686 5995
686 5996
686 5997
686 5998
686 5999
686 6000
686 6001
686 6002
686 6003
686 6004
686 6005
686 6006
686 6007
686 6008
686 6009
686 6010
686 6011
686 6012
686 6013
686 6014
686 6015
686 6016
686 6017
686 6018
686 6019
686 6020
686 6021
686 6022
686 6023
686 6024
686 6025
686 6026
686 6027
686 6028
686 6029
686 6030
686 6031
686 6032
686 6033
686 6034
686 6035
686 6036
686 6037
686 6038
686 6039
686 6040
686 6041
686 6042
686 6043
686 6044
686 6045
686 6046
686 6047
686 6048
686 6049
686 6050
686 6051
686 6052
686 6053
686 6054
686 6055
686 6056
686 6057
686 6062
686 6063
686 6064
686 6065
686 6066
686 6067
686 6068
686 6069
686 6070
686 6071
686 6072
686 6073
686 6074
686 6075
686 6076
686 6077
686 6078
686 6079
686 6080
686 6081
686 6082
686 6083
686 6084
686 6085
686 6086
686 6087
686 6088
686 6089
686 6090
686 6091
686 6092
686 6093
686 6094
686 6095
686 6096
686 6097
686 6098
686 6099
686 6100
686 6101
686 6102
686 6103
686 6104
686 6105
686 6106
686 6107
686 6108
686 6109
686 6110
686 6111
686 6112
686 6113
686 6114
686 6115
686 6116
686 6117
686 6118
686 6119
686 6120
686 6121
686 6122
686 6123
686 6124
686 6125
686 6126
686 6127
686 6128
686 6129
686 6130
686 6131
686 6132
686 6133
686 6134
686 6135
686 6136
686 6137
686 6138
686 6139
686 6140
686 6141
686 6142
686 6143
686 6144
686 6145
686 6146
686 6147
686 6148
686 6149
686 6150
686 6151
686 6152
686 6153
686 6154
686 6155
686 6156
686 6157
686 6158
686 6159
686 6160
686 6161
686 6162
686 6163
686 6164
686 6165
686 6166
686 6167
686 6168
686 6169
686 6170
686 6171
686 6172
686 6173
686 6174
686 6175
686 6176
686 6177
686 6178
686 6179
686 6180
686 6181
686 6182
686 6183
686 6184
686 6185
686 6186
686 6187
686 6188
686 6189
686 6190
686 6191
686 6192
686 6193
686 6194
686 6195
686 6196
686 6197
686 6198
686 6199
686 6200
686 6201
686 6202
686 6203
686 6204
686 6205
686 6206
686 6207
686 6208
686 6209
686 6210
686 6211
686 6212
686 6213
686 6214
686 6215
686 6216
686 6217
686 6218
686 6219
686 6220
686 6221
686 6222
686 6223
686 6224
686 6225
686 6226
686 6227
686 6228
686 6229
686 6230
686 6231
686 6232
686 6233
686 6234
686 6235
686 6236
686 6237
686 6238
686 6239
686 6240
686 6241
686 6242
686 6243
686 6244
686 6245
686 6246
686 6247
686 6248
686 6249
686 6250
686 6251
686 6252
686 6253
686 6254
686 6255
686 6256
686 6257
686 6258
686 6259
686 6260
686 6261
686 6262
686 6263
686 6264
686 6265
686 6266
686 6267
686 6268
686 6269
686 6270
686 6271
686 6272
686 6273
686 6274
686 6275
686 6276
686 6277
686 6278
686 6279
686 6280
686 6281
686 6282
686 6283
686 6284
686 6285
686 6286
686 6287
686 6288
686 6289
686 6290
686 6291
686 6292
686 6293
686 6294
686 6295
686 6296
686 6297
686 6298
686 6299
686 6300
686 6301
686 6302
686 6303
686 6304
686 6305
686 6306
686 6307
686 6308
686 6309
686 6310
686 6311
686 6312
686 6313
686 6314
686 6315
686 6316
686 6317
686 6318
686 6319
686 6320
686 6321
686 6322
686 6323
686 6324
686 6325
686 6326
686 6327
686 6328
686 6329
686 6330
686 6331
686 6332
686 6333
686 6334
686 6335
686 6336
686 6337
686 6338
686 6339
686 6340
686 6341
686 6342
686 6343
686 6344
686 6345
686 6346
686 6347
686 6348
686 6349
686 6350
686 6351
686 6352
686 6353
686 6354
686 6355
686 6356
686 6357
686 6358
686 6359
686 6360
686 6361
686 6362
686 6363
686 6364
686 6365
686 6366
686 6367
686 6368
686 6369
686 6370
686 6371
686 6372
686 6373
686 6374
686 6375
686 6376
686 6377
686 6378
686 6379
686 6380
686 6381
686 6382
686 6383
686 6384
686 6385
686 6386
686 6387
686 6388
686 6389
686 6390
686 6391
686 6392
686 6393
686 6394
686 6395
686 6396
686 6397
686 6398
686 6399
686 6400
686 6401
686 6402
686 6403
686 6404
686 6405
686 6406
686 6407
686 6408
686 6409
686 6410
686 6411
686 6412
686 6413
686 6414
686 6415
686 6416
686 6417
686 6418
686 6450
686 6451
686 6452
686 6453
686 6454
686 6455
686 6456
686 6457
686 6458
686 6459
686 6460
686 6461
686 6462
686 6463
686 6464
686 6465
686 6466
686 6467
686 6468
686 6469
686 6470
686 6471
686 6472
686 6473
686 6474
686 6475
686 6476
686 6477
686 6478
686 6479
686 6480
686 6481
686 6482
686 6483
686 6484
686 6485
686 6486
686 6487
686 6488
686 6489
686 6490
686 6491
686 6492
686 6493
686 6494
686 6495
686 6496
686 6497
686 6498
686 6499
686 6500
686 6501
686 6502
686 6503
686 6504
686 6505
686 6506
686 6507
686 6508
686 6509
686 6510
686 6511
686 6512
686 6513
686 6514
686 6515
686 6516
686 6517
686 6518
686 6519
686 6520
686 6521
686 6522
686 6523
686 6524
686 6525
686 6526
686 6527
686 6528
686 6529
686 6530
686 6531
686 6532
686 6533
686 6534
686 6535
686 6536
686 6537
686 6538
686 6539
686 6540
686 6541
686 6542
686 6543
686 6544
686 6545
686 6546
686 6547
686 6548
686 6549
686 6550
686 6551
686 6552
686 6553
686 6554
686 6555
686 6556
686 6557
686 6558
686 6559
686 6560
686 6561
686 6562
686 6563
686 6564
686 6565
686 6566
686 6567
686 6568
686 6569
686 6570
686 6571
686 6572
686 6573
686 6574
686 6575
686 6576
687 6417
2 3 4 5 6 7 8 9 10 11 12 13 14 15 16 17 18 19 20 21 22 23 24 25 26 27 28 29 30 31 32 33 34 35 36 37 38 39 40 41 42 43 44 45 46 47 48 49 50 51 52 53 54 55 56 57 58 59 60 61 62 63 64 65 66 67 68 69 70 71 72 73 74 75 76 77 78 79 80 81 82 83 84 85 86 87 88 89 90 91 92 93 94 95 96 97 98 99 100 101 102 103 104 105 106 107 108 109 110 111 112 113 114 115 116 117 118 119 120 121 122 123 124 125 126 127 128 129 130 131 132 133 134 135 136 137 138 139 140 141 142 143 144 145 146 147 148 149 150 151 152 153 154 155 156 157 158 159 160 161 162 163 164 165 166 167 168 169 170 171 172 173 174 175 176 177 178 179 180 181 182 183 184 185 186 187 188 189 190 191 192 193 194 195 196 197 198 199 200 1 2 3 4 5 6 7 8 9 10 11 12 13 14 15 16 17 18 19 20 21 22 23 24 25 26 27 28 29 30 31 32 33 34 35 36 37 38 39 40 41 42 43 44 45 46 47 48 49 50 51 52 53 54 55 56 57 58 59 60 61 62 63 64 65 66 67 68 69 70 71 72 73 74 75 76 77 78 79 80 81 82 83 84 85 86 87 88 89 90 91 92 93 94 95 96 97 98 99 100 101 102 103 104 105 106 107 108 109 110 111 112 113 114 115 116 117 118 119 120 121 122 123 124 125 126 127 128 129 130 131 132 133 134 135 136 137 138 139 140 141 142 143 144 145 146 147 148 149 150 151 152 153 154 155 156 157 158 159 160 161 162 163 164 165 166 167 168 169 170 171 172 173 174 175 176 177 178 179 180 181 182 183 184 185 186 187 188 189 190 191 192 193 194 195 196 197 198 199 200 1 2 3 4 5 6 7 8 9 10 11 12 13 14 15 16 17 18 19 20 21 22 23 24 25 26 27 28 29 30 31 32 33 34 35 36 37 38 39 40 41 42 43 44 45 46 47 48 49 50 51 52 53 54 55 56 57 58 59 60 61 62 63 64 65 66 67 68 69 70 71 72 73 74 75 76 77 78 79 80 81 82 83 84 85 86 87 88 89 90 91 92 93 94 95 96 97 98 99 100 101 102 103 104 105 106 107 108 109 110 111 112 113 114 115 116 117 118 119 120 121 122 123 124 125 126 127 128 129 130 131 132 133 134 135 136 137 138 139 140 141 142 143 144 145 146 147 148 149 150 151 152 153 154 155 156 157 158 159 160 161 162 163 164 165 166 167 168 169 170 171 172 173 174 175 176 177 178 179 180 181 182 183 184 185 186 187 188 189 190 191 192 193 194 195 196 197 198 199 200 1 2 3 4 5 6 7 8 9 10 11 12 13 14 15 16 17 18 19 20 21 22 23 24 25 26 27 28 29 30 31 32 33 34 35 36 37 38 39 40 41 42 43 44 45 46 47 48 49 50 51 52 53 54 55 56 57 58 59 60 61 62 63 64 65 66 67 68 69 70 71 72 73 74 75 76 77 78 79 80 81 82 83 84 85 86 87 88 
2 3 4 5 6 7 8 9 10 11 12 13 14 15 16 17 18 19 20 21 22 23 24 25 26 27 28 29 30 31 32 33 34 35 36 37 38 39 40 41 42 43 44 45 46 47 48 49 50 51 52 53 54 55 56 57 58 59 60 61 62 63 64 65 66 67 68 69 70 71 72 73 74 75 76 77 78 79 80 81 82 83 84 85 86 87 88 89 90 91 92 93 94 95 96 97 98 99 100 101 102 103 104 105 106 107 108 109 110 111 112 113 114 115 116 117 118 119 120 121 122 123 124 125 126 127 128 129 130 131 132 133 134 135 136 137 138 139 140 141 142 143 144 145 146 147 148 149 150 151 152 153 154 155 156 157 158 159 160 161 162 163 164 165 166 167 168 169 170 171 172 173 174 175 176 177 178 179 180 181 182 183 184 185 186 187 188 189 190 191 192 193 194 195 196 197 198 199 200 1 2 3 4 5 6 7 8 9 10 11 12 13 14 15 16 17 18 19 20 21 22 23 24 25 26 27 28 29 30 31 32 33 34 35 36 37 38 39 40 41 42 43 44 45 46 47 48 49 50 51 52 53 54 55 56 57 58 59 60 61 62 63 64 65 66 67 68 69 70 71 72 73 74 75 76 77 78 79 80 81 82 83 84 85 86 87 88 89 90 91 92 93 94 95 96 97 98 99 100 101 102 103 104 105 106 107 108 109 110 111 112 113 114 115 116 117 118 119 120 121 122 123 124 125 126 127 128 129 130 131 132 133 134 135 136 137 138 139 140 141 142 143 144 145 146 147 148 149 150 151 152 153 154 155 156 157 158 159 160 161 162 163 164 165 166 167 168 169 170 171 172 173 174 175 176 177 178 179 180 181 182 183 184 185 186 187 188 189 190 191 192 193 194 195 196 197 198 199 200 1 2 3 4 5 6 7 8 9 10 11 12 13 14 15 16 17 18 19 20 21 22 23 24 25 26 27 28 29 30 31 32 33 34 35 36 37 38 39 40 41 42 43 44 45 46 47 48 49 50 51 52 53 54 55 56 57 58 59 60 61 62 63 64 65 66 67 68 69 70 71 72 73 74 75 76 77 78 79 80 81 82 83 84 85 86 87 88 89 90 91 92 93 94 95 96 97 98 99 100 101 102 103 104 105 106 107 108 109 110 111 112 113 114 115 116 117 118 119 120 121 122 123 124 125 126 127 128 129 130 131 132 133 134 135 136 137 138 139 140 141 142 143 144 145 146 147 148 149 150 151 152 153 154 155 156 157 158 159 160 161 162 163 164 165 166 167 168 169 170 171 172 173 174 175 176 177 178 179 180 181 182 183 184 185 186 187 188 189 190 191 192 193 194 195 196 197 198 199 200 1 2 3 4 5 6 7 8 9 10 11 12 13 14 15 16 17 18 19 20 21 22 23 24 25 26 27 28 29 30 31 32 33 34 35 36 37 38 39 40 41 42 43 44 45 46 47 48 49 50 51 52 53 54 55 56 57 58 59 60 61 62 63 64 65 66 67 68 69 70 71 72 73 74 75 76 77 78 79 80 81 82 83 84 85 86 87 88 89 90 91 92 93 94 95 96 97 98 99 100 101 102 103 104 105 106 107 108 109 110 111 112 113 114 115 116 117 118 119 120 121 122 123 124 125 126 127 128 129 130 131 132 133 134 135 136 137 138 139 140 141 142 143 144 145 146 147 148 149 150 151 152 153 154 155 156 157 158 159 160 161 162 163 164 165 166 167 168 169 170 171 172 173 174 175 176 177 178 179 180 181 182 183 184 185 186 187 188 189 190 191 192 193 194 195 196 197 198 199 200 1 2 3 4 5 6 7 8 9 10 11 12 13 14 15 16 17 18 19 20 21 22 23 24 25 26 27 28 29 30 31 32 33 34 35 36 37 38 39 40 41 42 43 44 45 46 47 48 49 50 51 52 53 54 55 56 57 58 59 60 61 62 63 64 65 66 67 68 69 70 71 72 73 74 75 76 77 78 79 80 81 82 83 84 85 86 87 88 89 90 91 92 93 94 95 96 97 98 99 100 101 102 103 104 105 106 107 108 109 110 111 112 113 114 115 116 117 118 119 120 121 122 123 124 125 126 127 128 129 130 131 132 133 134 135 136 137 138 139 140 141 142 143 144 145 146 147 148 149 150 151 152 153 154 155 156 157 158 159 160 161 162 163 164 165 166 167 168 169 170 171 172 173 174 175 176 177 178 179 180 181 182 183 184 185 186 187 188 189 190 191 192 193 194 195 196 197 198 199 200 1 2 3 4 5 6 7 8 9 10 11 12 13 14 15 16 17 18 19 20 21 22 23 24 25 26 27 28 29 30 31 32 33 34 35 36 37 38 39 40 41 42 43 44 45 46 47 48 49 50 51 52 53 54 55 56 57 58 59 60 61 62 63 64 65 66 67 68 69 70 71 72 73 74 75 76 77 78 79 80 81 82 83 84 85 86 87 88 89 90 91 92 93 94 95 96 97 98 99 100 101 102 103 104 105 106 107 108 109 110 111 112 113 114 115 116 117 118 119 120 121 122 123 124 125 126 127 128 129 130 131 132 133 134 135 136 137 138 139 140 141 142 143 144 145 146 147 148 149 150 151 152 153 154 155 156 157 158 159 160 161 162 163 164 165 166 167 168 169 170 171 172 173 174 175 176 177 178 179 180 181 182 183 184 185 186 187 188 189 190 191 192 193 194 195 196 197 198 199 200 1 2 3 4 5 6 7 8 9 10 11 12 13 14 15 16 17 18 19 20 21 22 23 24 25 26 27 28 29 30 31 32 33 34 35 36 37 38 39 40 41 42 43 44 45 46 47 48 49 50 51 52 53 54 55 56 57 58 59 60 61 62 63 64 65 66 67 68 69 70 71 72 73 74 75 76 77 78 79 80 81 82 83 84 85 86 87 88 89 90 91 92 93 94 95 96 97 98 99 100 101 102 103 104 105 106 107 108 109 110 111 112 113 114 115 116 117 118 119 120 121 122 123 124 125 126 127 128 129 130 131 132 133 134 135 136 137 138 139 140 141 142 143 144 145 146 147 148 149 150 151 152 153 154 155 156 157 158 159 160 161 162 163 164 165 166 167 168 169 170 171 172 173 174 175 176 177 178 179 180 181 182 183 184 185 186 187 188 189 190 191 192 193 194 195 196 197 198 199 200 1 2 3 4 5 6 7 8 9 10 11 12 13 14 15 16 17 18 19 20 21 22 23 24 25 26 27 28 29 30 31 32 33 34 35 36 37 38 39 40 41 42 43 44 45 46 47 48 49 50 51 52 53 54 55 56 57 58 59 60 61 62 63 64 65 66 67 68 69 70 71 72 73 74 75 76 77 78 79 80 81 82 83 84 85 86 87 88 89 90 91 92 93 94 95 96 97 98 99 100 101 102 103 104 105 106 107 108 109 110 111 112 113 114 115 116 117 118 119 120 121 122 123 124 125 126 127 128 129 130 131 132 133 134 135 136 137 138 139 140 141 142 143 144 145 146 147 148 149 150 151 152 153 154 155 156 157 158 159 160 161 162 163 164 165 166 167 168 169 170 171 172 173 174 175 176 177 178 179 180 181 182 183 184 185 186 187 188 189 190 191 192 193 194 195 196 197 198 199 200 1 2 3 4 5 6 7 8 9 10 11 12 13 14 15 16 17 18 19 20 21 22 23 24 25 26 27 28 29 30 31 32 33 34 35 36 37 38 39 40 41 42 43 44 45 46 47 48 49 50 51 52 53 54 55 56 57 58 59 60 61 62 63 64 65 66 67 68 69 70 71 72 73 74 75 76 77 78 79 80 81 82 83 84 85 86 87 88 89 90 91 92 93 94 95 96 97 98 99 100 101 102 103 104 105 106 107 108 109 110 111 112 113 114 115 116 117 118 119 120 121 122 123 124 125 126 127 128 129 130 131 132 133 134 135 136 137 138 139 140 141 142 143 144 145 146 147 148 149 150 151 152 153 154 155 156 157 158 159 160 161 162 163 164 165 166 167 168 169 170 171 172 173 174 175 176 177 178 179 180 181 182 183 184 185 186 187 188 189 190 191 192 193 194 195 196 197 198 199 200 1 2 3 4 5 6 7 8 9 10 11 12 13 14 15 16 17 18 19 20 21 22 23 24 25 26 27 28 29 30 31 32 33 34 35 36 37 38 39 40 41 42 43 44 45 46 47 48 49 50 51 52 53 54 55 56 57 58 59 60 61 62 63 64 65 66 67 68 69 70 71 72 73 74 75 76 77 78 79 80 81 82 83 84 85 86 87 88 89 90 91 92 93 94 95 96 97 98 99 100 101 102 103 104 105 106 107 108 109 110 111 112 113 114 115 116 117 118 119 120 121 122 123 124 125 126 127 128 129 130 131 132 133 134 135 136 137 138 139 140 141 142 143 144 145 146 147 148 149 150 151 152 153 154 155 156 157 158 159 160 161 162 163 164 165 166 167 168 169 170 171 172 173 174 175 176 177 178 179 180 181 182 183 184 185 186 187 188 189 190 191 192 193 194 195 196 197 198 199 200 1 2 3 4 5 6 7 8 9 10 11 12 13 14 15 16 17 18 19 20 21 22 23 24 25 26 27 28 29 30 31 32 33 34 35 36 37 38 39 40 41 42 43 44 45 46 47 48 49 50 51 52 53 54 55 56 57 58 59 60 61 62 63 64 65 66 67 68 69 70 71 72 73 74 75 76 77 78 79 80 81 82 83 84 85 86 87 88 89 90 91 92 93 94 95 96 97 98 99 100 101 102 103 104 105 106 107 108 109 110 111 112 113 114 115 116 117 118 119 120 121 122 123 124 125 126 127 128 129 130 131 132 133 134 135 136 137 138 139 140 141 142 143 144 145 146 147 148 149 150 151 152 153 154 155 156 157 158 159 160 161 162 163 164 165 166 167 168 169 170 171 172 173 174 175 176 177 178 179 180 181 182 183 184 185 186 187 188 189 190 191 192 193 194 195 196 197 198 199 200 1 2 3 4 5 6 7 8 9 10 11 12 13 14 15 16 17 18 19 20 21 22 23 24 25 26 27 28 29 30 31 32 33 34 35 36 37 38 39 40 41 42 43 44 45 46 47 48 49 50 51 52 53 54 55 56 57 58 59 60 61 62 63 64 65 66 67 68 69 70 71 72 73 74 75 76 77 78 79 80 81 82 83 84 85 86 87 88 89 90 91 92 93 94 95 96 97 98 99 100 101 102 103 104 105 106 107 108 109 110 111 112 113 114 115 116 117 118 119 120 121 122 123 124 125 126 127 128 129 130 131 132 133 134 135 136 137 138 139 140 141 142 143 144 145 146 147 148 149 150 151 152 153 154 155 156 157 158 159 160 161 162 163 164 165 166 167 168 169 170 171 172 173 174 175 176 177 178 179 180 181 182 183 184 185 186 187 188 189 190 191 192 193 194 195 196 197 198 199 200 1 2 3 4 5 6 7 8 9 10 11 12 13 14 15 16 17 18 19 20 21 22 23 24 25 26 27 28 29 30 31 32 33 34 35 36 37 38 39 40 41 42 43 44 45 46 47 48 49 50 51 52 53 54 55 56 57 58 59 60 61 62 63 64 65 66 67 68 69 70 71 72 73 74 75 76 77 78 79 80 81 82 83 84 85 86 87 88 89 90 91 92 93 94 95 96 97 98 99 100 101 102 103 104 105 106 107 108 109 110 111 112 113 114 115 116 117 118 119 120 121 122 123 124 125 126 127 128 129 130 131 132 133 134 135 136 137 138 139 140 141 142 143 144 145 146 147 148 149 150 151 152 153 154 155 156 157 158 159 160 161 162 163 164 165 166 167 168 169 170 171 172 173 174 175 176 177 178 179 180 181 182 183 184 185 186 187 188 189 190 191 192 193 194 195 196 197 198 199 200 1 2 3 4 5 6 7 8 9 10 11 12 13 14 15 16 17 18 19 20 21 22 23 24 25 26 27 28 29 30 31 32 33 34 35 36 37 38 39 40 41 42 43 44 45 46 47 48 49 50 51 52 53 54 55 56 57 58 59 60 61 62 63 64 65 66 67 68 69 70 71 72 73 74 75 76 77 78 79 80 81 82 83 84 85 86 87 88 89 90 91 92 93 94 95 96 97 98 99 100 101 102 103 104 105 106 107 108 109 110 111 112 113 114 115 116 117 118 119 120 121 122 123 124 125 126 127 128 129 130 131 132 133 134 135 136 137 138 139 140 141 142 143 144 145 146 147 148 149 150 151 152 153 154 155 156 157 158 159 160 161 162 163 164 165 166 167 168 169 170 171 172 173 174 175 176 177 178 179 180 181 182 183 184 185 186 187 188 189 190 191 192 193 194 195 196 197 198 199 200 1 2 3 4 5 6 7 8 9 10 11 12 13 14 15 16 17 18 19 20 21 22 23 24 25 26 27 28 29 30 31 32 33 34 35 36 37 38 39 40 41 42 43 44 45 46 47 48 49 50 51 52 53 54 55 56 57 58 59 60 61 62 63 64 65 66 67 68 69 70 71 72 73 74 75 76 77 78 79 80 81 82 83 84 85 86 87 88 89 90 91 92 93 94 95 96 97 98 99 100 101 102 103 104 105 106 107 108 109 110 111 112 113 114 115 116 117 118 119 120 121 122 123 124 125 126 127 128 129 130 131 132 133 134 135 136 137 138 139 140 141 142 143 144 145 146 147 148 149 150 151 152 153 154 155 156 157 158 159 160 161 162 163 164 165 166 167 168 169 170 171 172 173 174 175 176 177 178 179 180 181 182 183 184 185 186 187 188 189 190 191 192 193 194 195 196 197 198 199 200 1 2 3 4 5 6 7 8 9 10 11 12 13 14 15 16 17 18 19 20 21 22 23 24 25 26 27 28 29 30 31 32 33 34 35 36 37 38 39 40 41 42 43 44 45 46 47 48 49 50 51 52 53 54 55 56 57 58 59 60 61 62 63 64 65 66 67 68 69 70 71 72 73 74 75 76 77 78 79 80 81 82 83 84 85 86 87 88 89 90 91 92 93 94 95 96 97 98 99 100 101 102 103 104 105 106 107 108 109 110 111 112 113 114 115 116 117 118 119 120 121 122 123 124 125 126 127 128 129 130 131 132 133 134 135 136 137 138 139 140 141 142 143 144 145 146 147 148 149 150 151 152 153 154 155 156 157 158 159 160 161 162 163 164 165 166 167 168 169 170 171 172 173 174 175 176 177 178 179 180 181 182 183 184 185 186 187 188 189 190 191 192 193 194 195 196 197 198 199 200 1 2 3 4 5 6 7 8 9 10 11 12 13 14 15 16 17 18 19 20 21 22 23 24 25 26 27 28 29 30 31 32 33 34 35 36 37 38 39 40 41 42 43 44 45 46 47 48 49 50 51 52 53 54 55 56 57 58 59 60 61 62 63 64 65 66 67 68 69 70 71 72 73 74 75 76 77 78 79 80 81 82 83 84 85 86 87 88 89 90 91 92 93 94 95 96 97 98 99 100 101 102 103 104 105 106 107 108 109 110 111 112 113 114 115 116 117 118 119 120 121 122 123 124 125 126 127 128 129 130 131 132 133 134 135 136 137 138 139 140 141 142 143 144 145 146 147 148 149 150 151 152 153 154 155 156 157 158 159 160 161 162 163 164 165 166 167 168 169 170 171 172 173 174 175 176 177 178 179 180 181 182 183 184 185 186 187 188 189 190 191 192 193 194 195 196 197 198 199 200 1 2 3 4 5 6 7 8 9 10 11 12 13 14 15 16 17 18 19 20 21 22 23 24 25 26 27 28 29 30 31 32 33 34 35 36 37 38 39 40 41 42 43 44 45 46 47 48 49 50 51 52 53 54 55 56 57 58 59 60 61 62 63 64 65 66 67 68 69 70 71 72 73 74 75 76 77 78 79 80 81 82 83 84 85 86 87 88 89 90 91 92 93 94 95 96 97 98 99 100 101 102 103 104 105 106 107 108 109 110 111 112 113 114 115 116 117 118 119 120 121 122 123 124 125 126 127 128 129 130 131 132 133 134 135 136 137 138 139 140 141 142 143 144 145 146 147 148 149 150 151 152 153 154 155 156 157 158 159 160 161 162 163 164 165 166 167 168 169 170 171 172 173 174 175 176 177 178 179 180 181 182 183 184 185 186 187 188 189 190 191 192 193 194 195 196 197 198 199 200 1 2 3 4 5 6 7 8 9 10 11 12 13 14 15 16 17 18 19 20 21 22 23 24 25 26 27 28 29 30 31 32 33 34 35 36 37 38 39 40 41 42 43 44 45 46 47 48 49 50 51 52 53 54 55 56 57 58 59 60 61 62 63 64 65 66 67 68 69 70 71 72 73 74 75 76 77 78 79 80 81 82 83 84 85 86 87 88 89 90 91 92 93 94 95 96 97 98 99 100 101 102 103 104 105 106 107 108 109 110 111 112 113 114 115 116 117 118 119 120 121 122 123 124 125 126 127 128 129 130 131 132 133 134 135 136 137 138 139 140 141 142 143 144 145 146 147 148 149 150 151 152 153 154 155 156 157 158 159 160 161 162 163 164 165 166 167 168 169 170 171 172 173 174 175 176 177 178 179 180 181 182 183 184 185 186 187 188 189 190 191 192 193 194 195 196 197 198 199 200 1 2 3 4 5 6 7 8 9 10 11 12 13 14 15 16 17 18 19 20 21 22 23 24 25 26 27 28 29 30 31 32 33 34 35 36 37 38 39 40 41 42 43 44 45 46 47 48 49 50 51 52 53 54 55 56 57 58 59 60 61 62 63 64 65 66 67 68 69 70 71 72 73 74 75 76 77 78 79 80 81 82 83 84 85 86 87 88 89 90 91 92 93 94 95 96 97 98 99 100 101 102 103 104 105 106 107 108 109 110 111 112 113 114 115 116 117 118 119 120 121 122 123 124 125 126 127 128 129 130 131 132 133 134 135 136 137 138 139 140 141 142 143 144 145 146 147 148 149 150 151 152 153 154 155 156 157 158 159 160 161 162 163 164 165 166 167 168 169 170 171 172 173 174 175 176 177 178 179 180 181 182 183 184 185 186 187 188 189 190 191 192 193 194 195 196 197 198 199 200 1 2 3 4 5 6 7 8 9 10 11 12 13 14 15 16 17 18 19 20 21 22 23 24 25 26 27 28 29 30 31 32 33 34 35 36 37 38 39 40 41 42 43 44 45 46 47 48 49 50 51 52 53 54 55 56 57 58 59 60 61 62 63 64 65 66 67 68 69 70 71 72 73 74 75 76 77 78 79 80 81 82 83 84 85 86 87 88 89 90 91 92 93 94 95 96 97 98 99 100 101 102 103 104 105 106 107 108 109 110 111 112 113 114 115 116 117 118 119 120 121 122 123 124 125 126 127 128 129 130 131 132 133 134 135 136 137 138 139 140 141 142 143 144 145 146 147 148 149 150 151 152 153 154 155 156 157 158 159 160 161 162 163 164 165 166 167 168 169 170 171 172 173 174 175 176 177 178 179 180 181 182 183 184 185 186 187 188 189 190 191 192 193 194 195 196 197 198 199 200 1 2 3 4 5 6 7 8 9 10 11 12 13 14 15 16 17 18 19 20 21 22 23 24 25 26 27 28 29 30 31 32 33 34 35 36 37 38 39 40 41 42 43 44 45 46 47 48 49 50 51 52 53 54 55 56 57 58 59 60 61 62 63 64 65 66 67 68 69 70 71 72 73 74 75 76 77 78 79 80 81 82 83 84 85 86 87 88 89 90 91 92 93 94 95 96 97 98 99 100 101 102 103 104 105 106 107 108 109 110 111 112 113 114 115 116 117 118 119 120 121 122 123 124 125 126 127 128 129 130 131 132 133 134 135 136 137 138 139 140 141 142 143 144 145 146 147 148 149 150 151 152 153 154 155 156 157 158 159 160 161 162 163 164 165 166 167 168 169 170 171 172 173 174 175 176 177 178 179 180 181 182 183 184 185 186 187 188 189 190 191 192 193 194 195 196 197 198 199 200 1 2 3 4 5 6 7 8 9 10 11 12 13 14 15 16 17 18 19 20 21 22 23 24 25 26 27 28 29 30 31 32 33 34 35 36 37 38 39 40 41 42 43 44 45 46 47 48 49 50 51 52 53 54 55 56 57 58 59 60 61 62 63 64 65 66 67 68 69 70 71 72 73 74 75 76 77 78 79 80 81 82 83 84 85 86 87 88 89 90 91 92 93 94 95 96 97 98 99 100 101 102 103 104 105 106 107 108 109 110 111 112 113 114 115 116 117 118 119 120 121 122 123 124 125 126 127 128 129 130 131 132 133 134 135 136 137 138 139 140 141 142 143 144 145 146 147 148 149 150 151 152 153 154 155 156 157 158 159 160 161 162 163 164 165 166 167 168 169 170 171 172 173 174 175 176 177 178 179 180 181 182 183 184 185 186 187 188 189 190 191 192 193 194 195 196 197 198 199 200 1 2 3 4 5 6 7 8 9 10 11 12 13 14 15 16 17 18 19 20 21 22 23 24 25 26 27 28 29 30 31 32 33 34 35 36 37 38 39 40 41 42 43 44 45 46 47 48 49 50 51 52 53 54 55 56 57 58 59 60 61 62 63 64 65 66 67 68 69 70 71 72 73 74 75 76 77 78 79 80 81 82 83 84 85 86 87 88 89 90 91 92 93 94 95 96 97 98 99 100 101 102 103 104 105 106 107 108 109 110 111 112 113 114 115 116 117 118 119 120 121 122 123 124 125 126 127 128 129 130 131 132 133 134 135 136 137 138 139 140 141 142 143 144 145 146 147 148 149 150 151 152 153 154 155 156 157 158 159 160 161 162 163 164 165 166 167 168 169 170 171 172 173 174 175 176 177 178 179 180 181 182 183 184 185 186 187 188 189 190 191 192 193 194 195 196 197 198 199 200 1 2 3 4 5 6 7 8 9 10 11 12 13 14 15 16 17 18 19 20 21 22 23 24 25 26 27 28 29 30 31 32 33 34 35 36 37 38 39 40 41 42 43 44 45 46 47 48 49 50 51 52 53 54 55 56 57 58 59 60 61 62 63 64 65 66 67 68 69 70 71 72 73 74 75 76 77 78 79 80 81 82 83 84 85 86 87 88 89 90 91 92 93 94 95 96 97 98 99 100 101 102 103 104 105 106 107 108 109 110 111 112 113 114 115 116 117 118 119 120 121 122 123 124 125 126 127 128 129 130 131 132 133 134 135 136 137 138 139 140 141 142 143 144 145 146 147 148 149 150 151 152 153 154 155 156 157 158 159 160 161 162 163 164 165 166 167 168 169 170 171 172 173 174 175 176 177 178 179 180 181 182 183 184 185 186 187 188 189 190 191 192 193 194 195 196 197 198 199 200 1 2 3 4 5 6 7 8 9 10 11 12 13 14 15 16 17 18 19 20 21 22 23 24 25 26 27 28 29 30 31 32 33 34 35 36 37 38 39 40 41 42 43 44 45 46 47 48 49 50 51 52 53 54 55 56 57 58 59 60 61 62 63 64 65 66 67 68 69 70 71 72 73 74 75 76 77 78 79 80 81 82 83 84 85 86 87 88 89 90 91 92 93 94 95 96 97 98 99 100 101 102 103 104 105 106 107 108 109 110 111 112 113 114 115 116 117 118 119 120 121 122 123 124 125 126 127 128 129 130 131 132 133 134 135 136 137 138 139 140 141 142 143 144 145 146 147 148 149 150 151 152 153 154 155 156 157 158 159 160 161 162 163 164 165 166 167 168 169 170 171 172 173 174 175 176 177 178 179 180 181 182 183 184 185 186 187 188 189 190 191 192 193 194 195 196 197 198 199 200 1 2 3 4 5 6 7 8 9 10 11 12 13 14 15 16 17 18 19 20 21 22 23 24 25 26 27 28 29 30 31 32 33 34 35 36 37 38 39 40 41 42 43 44 45 46 47 48 49 50 51 52 53 54 55 56 57 58 59 60 61 62 63 64 65 66 67 68 69 70 71 72 73 74 75 76 77 78 79 80 81 82 83 84 85 86 87 88 89 90 91 92 93 94 95 96 97 98 99 100 101 102 103 104 105 106 107 108 109 110 111 112 113 114 115 116 117 118 119 120 121 122 123 124 125 126 127 128 129 130 131 132 133 134 135 136 137 138 139 140 141 142 143 144 145 146 147 148 149 150 151 152 153 154 155 156 157 158 159 160 161 162 163 164 165 166 167 168 169 170 171 172 173 174 175 176 177 178 179 180 181 182 183 184 185 186 187 188 189 190 191 192 193 194 195 196 197 198 199 200 1 2 3 4 5 6 7 8 9 10 11 12 13 14 15 16 17 18 19 20 21 22 23 24 25 26 27 28 29 30 31 32 33 34 35 36 37 38 39 40 41 42 43 44 45 46 47 48 49 50 51 52 53 54 55 56 57 58 59 60 61 62 63 64 65 66 67 68 69 70 71 72 73 74 75 76 77 78 79 80 81 82 83 84 85 86 87 88 89 90 91 92 93 94 95 96 97 98 99 100 101 102 103 104 105 106 107 108 109 110 111 112 113 114 115 116 117 118 119 120 121 122 123 124 125 126 127 128 129 130 131 132 133 134 135 136 137 138 139 140 141 142 143 144 145 146 147 148 149 150 151 152 153 154 155 156 157 158 159 160 161 162 163 164 165 166 167 168 169 170 171 172 173 174 175 176 177 178 179 180 181 182 183 184 185 186 187 188 189 190 191 192 193 194 195 196 197 198 199 200 1 2 3 4 5 6 7 8 9 10 11 12 13 14 15 16 17 18 19 20 21 22 23 24 25 26 27 28 29 30 31 32 33 34 35 36 37 38 39 40 41 42 43 44 45 46 47 48 49 50 51 52 53 54 55 56 57 58 59 60 61 62 63 64 65 66 67 68 69 70 71 72 73 74 75 76 77 78 79 80 81 82 83 84 85 86 87 88 89 90 91 92 93 94 95 96 97 98 99 100 101 102 103 104 105 106 107 108 109 110 111 112 113 114 115 116 117 118 119 120 121 122 123 124 125 126 127 128 129 130 131 132 133 134 135 136 137 138 139 140 141 142 143 144 145 146 147 148 149 150 151 152 153 154 155 156 157 158 159 160 161 162 163 164 165 166 167 168 169 170 171 172 173 174 175 176 177 178 179 180 181 182 183 184 185 186 187 188 189 190 191 192 193 194 195 196 197 198 199 200 1 2 3 4 5 6 7 8 9 10 11 12 13 14 15 16 17 18 19 20 21 22 23 24 25 26 27 28 29 30 31 32 33 34 35 36 37 38 39 40 41 42 43 44 45 46 47 48 49 50 51 52 53 54 55 56 57 58 59 60 61 62 63 64 65 66 67 68 69 70 71 72 73 74 75 76 77 78 79 80 81 82 83 84 85 86 87 88 89 90 91 92 93 94 95 96 97 98 99 100 101 102 103 104 105 106 107 108 109 110 111 112 113 114 115 116 117 118 119 120 121 122 123 124 125 126 127 128 129 130 131 132 133 134 135 136 137 138 139 140 141 142 143 144 145 146 147 148 149 150 151 152 153 154 155 156 157 158 159 160 161 162 163 164 165 166 167 168 169 170 171 172 173 174 175 176 177 178 179 180 181 182 183 184 185 186 187 188 189 190 191 192 193 194 195 196 197 198 199 200 1 2 3 4 5 6 7 8 9 10 11 12 13 14 15 16 17 18 19 20 21 22 23 24 25 26 27 28 29 30 31 32 33 34 35 36 37 38 39 40 41 42 43 44 45 46 47 48 49 50 51 52 53 54 55 56 57 58 59 60 61 62 63 64 65 66 67 68 69 70 71 72 73 74 75 76 77 78 79 80 81 82 83 84 85 86 87 88 89 90 91 92 93 94 95 96 97 98 99 100 101 102 103 104 105 106 107 108 109 110 111 112 113 114 115 116 117 118 119 120 121 122 123 124 125 126 127 128 129 130 131 132 133 134 135 136 137 138 139 140 141 142 143 144 145 146 147 148 149 150 151 152 153 154 155 156 157 158 159 160 161 162 163 164 165 166 167 168 169 170 171 172 173 174 175 176 177 178 179 180 181 182 183 184 185 186 187 188 189 190 191 192 193 194 195 196 197 198 199 200 1 2 3 4 5 6 7 8 9 10 11 12 13 14 15 16 17 18 19 20 21 22 23 24 25 26 27 28 29 30 31 32 33 34 35 36 37 38 39 40 41 42 43 44 45 46 47 48 49 50 51 52 53 54 55 56 57 58 59 60 61 62 63 64 65 66 67 68 69 70 71 72 73 74 75 76 77 78 79 80 81 82 83 84 85 86 87 88 89 90 91 92 93 94 95 96 97 98 99 100 101 102 103 104 105 106 107 108 109 110 111 112 113 114 115 116 117 118 119 120 121 122 123 124 125 126 127 128 129 130 131 132 133 134 135 136 137 138 139 140 141 142 143 144 145 146 147 148 149 150 151 152 153 154 155 156 157 158 159 160 161 162 163 164 165 166 167 168 169 170 171 172 173 174 175 176 177 178 179 180 181 182 183 184 185 186 187 188 189 190 191 192 193 194 195 196 197 198 199 200 1 2 3 4 5 6 7 8 9 10 11 12 13 14 15 16 17 18 19 20 21 22 23 24 25 26 27 28 29 30 31 32 33 34 35 36 37 38 39 40 41 42 43 44 45 46 47 48 49 50 51 52 53 54 55 56 57 58 59 60 61 62 63 64 65 66 67 68 69 70 71 72 73 74 75 76 77 78 79 80 81 82 83 84 85 86 87 88 89 90 91 92 93 94 95 96 97 98 99 100 101 102 103 104 105 106 107 108 109 110 111 112 113 114 115 116 117 118 119 120 121 122 123 124 125 126 127 128 129 130 131 132 133 134 135 136 137 138 139 140 141 142 143 144 145 146 147 148 149 150 151 152 153 154 155 156 157 158 159 160 161 162 163 164 165 166 167 168 169 170 171 172 173 174 175 176 177 178 179 180 181 182 183 184 185 186 187 188 
